0001 0002 0003 0004 0005 0006 0007 0008 000A 000B 000C 000D 000E 000F 0010 0011 0012 0013 0015 0016 0017 0018 0019 001A 001B 001C 001D 001E 
0000 0000 0000 0000 0000 0000 0000 0004 0007 000A 000D 0010 0014 0017 001A 001D 0020 0024 0027 002A 002D 0031 0034 0037 003A 003D 0041 0044 
0000 0000 0000 0000 0000 0000 0000 0000 0000 0005 000A 000F 0014 0019 001E 0024 0029 002E 0033 0038 003D 0042 0047 004C 0051 0057 005C 0061 
0000 0000 0000 0000 0000 0000 0000 0000 0000 0000 0001 0006 000A 000F 0014 0018 001D 0022 0027 002B 0030 0035 0039 003E 0043 0048 004C 0051 
0000 0000 0000 0000 0000 0000 0000 0000 0000 0000 0000 0000 0000 0000 0000 0002 0004 0006 0009 000B 000D 0010 0012 0014 0016 0019 001B 001D 
0000 0000 0000 0000 0000 0000 0000 0000 0000 0000 0000 0000 0000 0000 0000 0000 0000 0000 0000 0000 0000 0000 0000 0000 0000 0000 0000 0000 
0000 0000 0000 0000 0000 0000 0000 0000 0000 0000 0000 0000 0000 0000 0000 0000 0000 0000 0000 0000 0000 0000 0000 0000 0000 0000 0000 0000 
0000 0000 0000 0000 0000 0000 0000 0000 0000 0000 0000 0000 0000 0000 0000 0000 0000 0000 0000 0000 0000 0000 0000 0000 0000 0000 0000 0000 
0000 0000 0000 0000 0000 0000 0000 0000 0000 0000 0000 0000 0000 0000 0000 0000 0000 0000 0000 0000 0000 0000 0000 0000 0000 0000 0000 0000 
0000 0000 0000 0000 0000 0000 0000 0000 0000 0000 0000 0000 0000 0000 0000 0000 0000 0000 0000 0000 0000 0000 0000 0000 0000 0000 0000 0000 
0000 0000 0000 0000 0000 0000 0000 0000 0000 0000 0000 0000 0000 0000 0000 0000 0000 0000 0000 0000 0000 0000 0000 0000 0000 0000 0001 0001 
0000 0000 0000 0000 0000 0000 0000 0000 0000 0000 0000 0000 0000 0000 0000 0000 0001 0001 0001 0001 0001 0002 0002 0002 0002 0003 0003 0003 
0000 0000 0000 0000 0000 0000 0001 0001 0001 0001 0001 0002 0002 0002 0002 0003 0003 0003 0003 0003 0004 0004 0004 0004 0004 0005 0005 0005 
0001 0002 0002 0002 0002 0003 0003 0003 0003 0003 0004 0004 0004 0004 0004 0005 0005 0005 0005 0006 0006 0006 0006 0006 0007 0007 0007 0007 
0004 0004 0004 0004 0004 0005 0005 0005 0005 0006 0006 0006 0006 0006 0007 0007 0007 0007 0008 0008 0008 0008 0008 0009 0009 0009 0009 000A 
0006 0006 0006 0006 0007 0007 0007 0007 0008 0008 0008 0008 0008 0009 0009 0009 0009 000A 000A 000A 000A 000A 000B 000B 000B 000B 000B 000C 
0008 0008 0008 0009 0009 0009 0009 000A 000A 000A 000A 000A 000B 000B 000B 000B 000B 000C 000C 000C 000C 000D 000D 000D 000D 000D 000E 000E 
000A 000A 000B 000B 000B 000B 000B 000C 000C 000C 000C 000D 000D 000D 000D 000D 000E 000E 000E 000E 000F 000F 000F 000F 000F 0010 0010 0010 
000C 000D 000D 000D 000D 000D 000E 000E 000E 000E 000F 000F 000F 000F 000F 0010 0010 0010 0010 0011 0011 0011 0011 0011 0012 0012 0012 0012 
000F 000F 000F 000F 000F 0010 0010 0010 0010 0011 0011 0011 0011 0011 0012 0012 0012 0012 0012 0013 0013 0023 0041 0062 FFFFFF80 FFFFFF9B FFFFFF9B FFFFFF9B 
0011 0011 0011 0011 0012 0012 0012 0012 0012 0013 0013 0023 0041 0062 FFFFFF80 FFFFFF9B FFFFFF9B FFFFFF9B FFFFFF9C FFFFFF9C FFFFFF9C FFFFFFAB FFFFFFC9 FFFFFFE6 FFFFFFFF FFFFFFFF FFFFFFFF FFFFFFFF 
0013 0023 0041 0062 FFFFFF80 FFFFFF9B FFFFFF9B FFFFFF9B FFFFFF9C FFFFFF9C FFFFFF9C FFFFFFAB FFFFFFC9 FFFFFFE6 FFFFFFFF FFFFFFFF FFFFFFFF FFFFFFFF FFFFFFFF FFFFFFFF FFFFFFFF FFFFFFFF FFFFFFFF FFFFFFFF FFFFFFFF FFFFFFFF FFFFFFFF FFFFFFFF 
FFFFFF9C FFFFFFAB FFFFFFC9 FFFFFFE6 FFFFFFFF FFFFFFFF FFFFFFFF FFFFFFFF FFFFFFFF FFFFFFFF FFFFFFFF FFFFFFFF FFFFFFFF FFFFFFFF FFFFFFFF FFFFFFFF FFFFFFFF FFFFFFFF FFFFFFFF FFFFFFFF FFFFFFFF FFFFFFDB FFFFFFBA FFFFFF9B 007C 0066 0066 0066 
FFFFFFFF FFFFFFFF FFFFFFFF FFFFFFFF FFFFFFFF FFFFFFFF FFFFFFFF FFFFFFFF FFFFFFFF FFFFFFFF FFFFFFFF FFFFFFDB FFFFFFBA FFFFFF9B 007C 0066 0066 0066 0066 0067 0067 0048 002A 0011 0000 0000 0000 0000 
FFFFFFFF FFFFFFDB FFFFFFBA FFFFFF9B 007C 0066 0066 0066 0066 0067 0067 0048 002A 0011 0000 0000 0000 0000 0000 0000 0000 0000 0000 0000 0000 0000 0000 0000 
0067 0048 002A 0011 0000 0000 0000 0000 0000 0000 0000 0000 0000 0000 0000 0000 0000 0000 0000 0000 0000 0000 0000 0000 0000 0000 0000 0000 
0000 0000 0000 0000 0000 0000 0000 0000 0000 0000 0000 0000 0000 0000 0000 0000 0000 0000 0000 0000 0000 0000 0000 0000 0000 0000 0000 0000 
0000 0000 0000 0000 0000 0000 0000 0000 0000 0000 0000 0000 0000 0000 0000 0000 0000 0000 0000 0000 0000 0000 0000 0000 0000 0000 0000 0000 
