3
4
50
60
70
8
9
51
61
71
13
14
52
62
72
18
19
53
63
73
23
24
54
64
74
28
29
55
65
75
33
34
56
66
76
38
39
57
67
77
43
44
58
68
78
48
49
59
69
79
53
54
60
70
80
58
59
61
71
81
63
64
62
72
82
68
69
63
73
83
73
74
64
74
84
78
79
65
75
85
83
84
66
76
86
88
89
67
77
87
93
94
68
78
88
98
99
69
79
89
103
104
70
80
90
108
109
71
81
91
113
114
72
82
92
118
119
73
83
93
123
124
74
84
94
-128
-127
75
85
95
-123
-122
76
86
96
-118
-117
77
87
97
-113
-112
78
88
98
-108
-107
79
89
99
-103
-102
80
90
100
-98
-97
81
91
101
