120
-126
-116
-106
-96
121
-125
-115
-105
-95
122
-124
-114
-104
-94
123
-123
-113
-103
-93
124
-122
-112
-102
-92
125
-121
-111
-101
-91
126
-120
-110
-100
-90
127
-119
-109
-99
-89
-128
-118
-108
-98
-88
-127
-117
-107
-97
-87
-126
-116
-106
-96
-86
-125
-115
-105
-95
-85
-124
-114
-104
-94
-84
-123
-113
-103
-93
-83
-122
-112
-102
-92
-82
-121
-111
-101
-91
-81
-120
-110
-100
-90
-80
-119
-109
-99
-89
-79
-118
-108
-98
-88
-78
-117
-107
-97
-87
-77
-116
-106
-96
-86
-76
-115
-105
-95
-85
-75
-114
-104
-94
-84
-74
-113
-103
-93
-83
-73
-112
-102
-92
-82
-72
-111
-101
-91
-81
-71
-110
-100
-90
-80
-70
-109
-99
-89
-79
-69
-108
-98
-88
-78
-68
-107
-97
-87
-77
-67
-106
-96
-86
-76
-66
-105
-95
-85
-75
-65
