90
100
110
120
-126
91
101
111
121
-125
92
102
112
122
-124
93
103
113
123
-123
94
104
114
124
-122
95
105
115
125
-121
96
106
116
126
-120
97
107
117
127
-119
98
108
118
-128
-118
99
109
119
-127
-117
100
110
120
-126
-116
101
111
121
-125
-115
102
112
122
-124
-114
103
113
123
-123
-113
104
114
124
-122
-112
105
115
125
-121
-111
106
116
126
-120
-110
107
117
127
-119
-109
108
118
-128
-118
-108
109
119
-127
-117
-107
110
120
-126
-116
-106
111
121
-125
-115
-105
112
122
-124
-114
-104
113
123
-123
-113
-103
114
124
-122
-112
-102
115
125
-121
-111
-101
116
126
-120
-110
-100
117
127
-119
-109
-99
118
-128
-118
-108
-98
119
-127
-117
-107
-97
120
-126
-116
-106
-96
121
-125
-115
-105
-95
