-66
-56
-46
-36
-26
-65
-55
-45
-35
-25
-64
-54
-44
-34
-24
-63
-53
-43
-33
-23
-62
-52
-42
-32
-22
-61
-51
-41
-31
-21
-60
-50
-40
-30
-20
-59
-49
-39
-29
-19
-58
-48
-38
-28
-18
-57
-47
-37
-27
-17
-56
-46
-36
-26
-16
-55
-45
-35
-25
-15
-54
-44
-34
-24
-14
-53
-43
-33
-23
-13
-52
-42
-32
-22
-12
-51
-41
-31
-21
-11
-50
-40
-30
-20
-10
-49
-39
-29
-19
-9
-48
-38
-28
-18
-8
-47
-37
-27
-17
-7
-46
-36
-26
-16
-6
-45
-35
-25
-15
-5
-44
-34
-24
-14
-4
-43
-33
-23
-13
-3
-42
-32
-22
-12
-2
-41
-31
-21
-11
0
-40
-30
-20
-10
1
-39
-29
-19
-9
2
-38
-28
-18
-8
3
-37
-27
-17
-7
4
-36
-26
-16
-6
5
-35
-25
-15
-5
6
