90
100
110
120
-126
91
101
111
121
-125
92
102
112
122
-124
93
103
113
123
-123
94
104
114
124
-122
95
105
115
125
-121
96
106
116
126
-120
97
107
117
127
-119
98
108
118
-128
-118
99
109
119
-127
-117
100
110
120
-126
-116
101
111
121
-125
-115
102
112
122
-124
-114
103
113
123
-123
-113
104
114
124
-122
-112
105
115
125
-121
-111
106
116
126
-120
-110
107
117
127
-119
-109
0
0
0
104
114
124
-122
-112
105
115
125
-121
-111
106
116
126
-120
-110
107
117
127
-119
-109
108
118
-128
-118
-108
109
119
-127
-117
-107
110
120
-126
-116
-106
111
121
-125
-115
-105
112
122
-124
-114
-104
113
123
-123
-113
-103
114
124
-122
-112
-102
115
125
-121
-111
-101
116
126
-120
-110
-100
117
127
-119
-109
-99
118
-128
-118
-108
-98
119
-127
-117
-107
-97
120
-126
-116
-106
-96
121
-125
-115
-105
-95
0
0
0
-26
-16
-6
5
15
-25
-15
-5
6
16
-24
-14
-4
7
17
-23
-13
-3
8
18
-22
-12
-2
9
19
-21
-11
0
10
20
-20
-10
1
11
21
-19
-9
2
12
22
-18
-8
3
13
23
-17
-7
4
14
24
-16
-6
5
15
25
-15
-5
6
16
26
-14
-4
7
17
27
-13
-3
8
18
28
-12
-2
9
19
29
-11
0
10
20
30
-10
1
11
21
31
-9
2
12
22
32
0
0
0
-12
-2
9
19
29
-11
0
10
20
30
-10
1
11
21
31
-9
2
12
22
32
-8
3
13
23
33
-7
4
14
24
34
-6
5
15
25
35
-5
6
16
26
36
-4
7
17
27
37
-3
8
18
28
38
-2
9
19
29
39
0
10
20
30
40
1
11
21
31
41
2
12
22
32
42
3
13
23
33
43
4
14
24
34
44
5
15
25
35
45
6
16
26
36
46
0
0
0
