0
1
2
3
4
5
6
7
8
9
10
11
12
13
14
15
16
17
18
19
20
21
22
23
24
25
26
27
28
29
30
31
32
33
34
35
36
37
38
39
40
41
42
43
44
45
46
47
48
49
50
51
52
53
54
55
56
57
58
59
60
61
62
63
64
65
66
67
68
69
70
71
72
73
74
75
76
77
78
79
80
81
82
83
84
85
86
87
88
89
0
0
0
70
71
72
73
74
75
76
77
78
79
80
81
82
83
84
85
86
87
88
89
90
91
92
93
94
95
96
97
98
99
100
101
102
103
104
105
106
107
108
109
110
111
112
113
114
115
116
117
118
119
120
121
122
123
124
125
126
127
-128
-127
-126
-125
-124
-123
-122
-121
-120
-119
-118
-117
-116
-115
-114
-113
-112
-111
-110
-109
-108
-107
-106
-105
-104
-103
-102
-101
-100
-99
-98
-97
0
0
0
-116
-106
-96
-86
-76
-115
-105
-95
-85
-75
-114
-104
-94
-84
-74
-113
-103
-93
-83
-73
-112
-102
-92
-82
-72
-111
-101
-91
-81
-71
-110
-100
-90
-80
-70
-109
-99
-89
-79
-69
-108
-98
-88
-78
-68
-107
-97
-87
-77
-67
-106
-96
-86
-76
-66
-105
-95
-85
-75
-65
-104
-94
-84
-74
-64
-103
-93
-83
-73
-63
-102
-92
-82
-72
-62
-101
-91
-81
-71
-61
-100
-90
-80
-70
-60
-99
-89
-79
-69
-59
0
0
0
-102
-92
-82
-72
-62
-101
-91
-81
-71
-61
-100
-90
-80
-70
-60
-99
-89
-79
-69
-59
-98
-88
-78
-68
-58
-97
-87
-77
-67
-57
-96
-86
-76
-66
-56
-95
-85
-75
-65
-55
-94
-84
-74
-64
-54
-93
-83
-73
-63
-53
-92
-82
-72
-62
-52
-91
-81
-71
-61
-51
-90
-80
-70
-60
-50
-89
-79
-69
-59
-49
-88
-78
-68
-58
-48
-87
-77
-67
-57
-47
-86
-76
-66
-56
-46
-85
-75
-65
-55
-45
0
0
0
