1
2
3
4
50
6
7
8
9
51
11
12
13
14
52
16
17
18
19
53
21
22
23
24
54
26
27
28
29
55
31
32
33
34
56
36
37
38
39
57
41
42
43
44
58
46
47
48
49
59
51
52
53
54
60
56
57
58
59
61
61
62
63
64
62
66
67
68
69
63
71
72
73
74
64
76
77
78
79
65
81
82
83
84
66
86
87
88
89
67
0
0
0
71
72
73
74
64
76
77
78
79
65
81
82
83
84
66
86
87
88
89
67
91
92
93
94
68
96
97
98
99
69
101
102
103
104
70
106
107
108
109
71
111
112
113
114
72
116
117
118
119
73
121
122
123
124
74
126
127
-128
-127
75
-125
-124
-123
-122
76
-120
-119
-118
-117
77
-115
-114
-113
-112
78
-110
-109
-108
-107
79
-105
-104
-103
-102
80
-100
-99
-98
-97
81
0
0
0
-106
-96
-86
-76
-66
-105
-95
-85
-75
-65
-104
-94
-84
-74
-64
-103
-93
-83
-73
-63
-102
-92
-82
-72
-62
-101
-91
-81
-71
-61
-100
-90
-80
-70
-60
-99
-89
-79
-69
-59
-98
-88
-78
-68
-58
-97
-87
-77
-67
-57
-96
-86
-76
-66
-56
-95
-85
-75
-65
-55
-94
-84
-74
-64
-54
-93
-83
-73
-63
-53
-92
-82
-72
-62
-52
-91
-81
-71
-61
-51
-90
-80
-70
-60
-50
-89
-79
-69
-59
-49
0
0
0
-92
-82
-72
-62
-52
-91
-81
-71
-61
-51
-90
-80
-70
-60
-50
-89
-79
-69
-59
-49
-88
-78
-68
-58
-48
-87
-77
-67
-57
-47
-86
-76
-66
-56
-46
-85
-75
-65
-55
-45
-84
-74
-64
-54
-44
-83
-73
-63
-53
-43
-82
-72
-62
-52
-42
-81
-71
-61
-51
-41
-80
-70
-60
-50
-40
-79
-69
-59
-49
-39
-78
-68
-58
-48
-38
-77
-67
-57
-47
-37
-76
-66
-56
-46
-36
-75
-65
-55
-45
-35
0
0
0
