-36
-26
-16
-6
5
-35
-25
-15
-5
6
-34
-24
-14
-4
7
-33
-23
-13
-3
8
-32
-22
-12
-2
9
-31
-21
-11
0
10
-30
-20
-10
1
11
-29
-19
-9
2
12
-28
-18
-8
3
13
-27
-17
-7
4
14
-26
-16
-6
5
15
-25
-15
-5
6
16
-24
-14
-4
7
17
-23
-13
-3
8
18
-22
-12
-2
9
19
-21
-11
0
10
20
-20
-10
1
11
21
-19
-9
2
12
22
-18
-8
3
13
23
-17
-7
4
14
24
-16
-6
5
15
25
-15
-5
6
16
26
-14
-4
7
17
27
-13
-3
8
18
28
-12
-2
9
19
29
-11
0
10
20
30
-10
1
11
21
31
-9
2
12
22
32
-8
3
13
23
33
-7
4
14
24
34
-6
5
15
25
35
-5
6
16
26
36
0
0
0
