4
50
60
70
80
9
51
61
71
81
14
52
62
72
82
19
53
63
73
83
24
54
64
74
84
29
55
65
75
85
34
56
66
76
86
39
57
67
77
87
44
58
68
78
88
49
59
69
79
89
54
60
70
80
90
59
61
71
81
91
64
62
72
82
92
69
63
73
83
93
74
64
74
84
94
79
65
75
85
95
84
66
76
86
96
89
67
77
87
97
0
0
0
74
64
74
84
94
79
65
75
85
95
84
66
76
86
96
89
67
77
87
97
94
68
78
88
98
99
69
79
89
99
104
70
80
90
100
109
71
81
91
101
114
72
82
92
102
119
73
83
93
103
124
74
84
94
104
-127
75
85
95
105
-122
76
86
96
106
-117
77
87
97
107
-112
78
88
98
108
-107
79
89
99
109
-102
80
90
100
110
-97
81
91
101
111
0
0
0
-76
-66
-56
-46
-36
-75
-65
-55
-45
-35
-74
-64
-54
-44
-34
-73
-63
-53
-43
-33
-72
-62
-52
-42
-32
-71
-61
-51
-41
-31
-70
-60
-50
-40
-30
-69
-59
-49
-39
-29
-68
-58
-48
-38
-28
-67
-57
-47
-37
-27
-66
-56
-46
-36
-26
-65
-55
-45
-35
-25
-64
-54
-44
-34
-24
-63
-53
-43
-33
-23
-62
-52
-42
-32
-22
-61
-51
-41
-31
-21
-60
-50
-40
-30
-20
-59
-49
-39
-29
-19
0
0
0
-62
-52
-42
-32
-22
-61
-51
-41
-31
-21
-60
-50
-40
-30
-20
-59
-49
-39
-29
-19
-58
-48
-38
-28
-18
-57
-47
-37
-27
-17
-56
-46
-36
-26
-16
-55
-45
-35
-25
-15
-54
-44
-34
-24
-14
-53
-43
-33
-23
-13
-52
-42
-32
-22
-12
-51
-41
-31
-21
-11
-50
-40
-30
-20
-10
-49
-39
-29
-19
-9
-48
-38
-28
-18
-8
-47
-37
-27
-17
-7
-46
-36
-26
-16
-6
-45
-35
-25
-15
-5
0
0
0
