70
80
90
100
110
71
81
91
101
111
72
82
92
102
112
73
83
93
103
113
74
84
94
104
114
75
85
95
105
115
76
86
96
106
116
77
87
97
107
117
78
88
98
108
118
79
89
99
109
119
80
90
100
110
120
81
91
101
111
121
82
92
102
112
122
83
93
103
113
123
84
94
104
114
124
85
95
105
115
125
86
96
106
116
126
87
97
107
117
127
0
0
0
84
94
104
114
124
85
95
105
115
125
86
96
106
116
126
87
97
107
117
127
88
98
108
118
-128
89
99
109
119
-127
90
100
110
120
-126
91
101
111
121
-125
92
102
112
122
-124
93
103
113
123
-123
94
104
114
124
-122
95
105
115
125
-121
96
106
116
126
-120
97
107
117
127
-119
98
108
118
-128
-118
99
109
119
-127
-117
100
110
120
-126
-116
101
111
121
-125
-115
0
0
0
-46
-36
-26
-16
-6
-45
-35
-25
-15
-5
-44
-34
-24
-14
-4
-43
-33
-23
-13
-3
-42
-32
-22
-12
-2
-41
-31
-21
-11
0
-40
-30
-20
-10
1
-39
-29
-19
-9
2
-38
-28
-18
-8
3
-37
-27
-17
-7
4
-36
-26
-16
-6
5
-35
-25
-15
-5
6
-34
-24
-14
-4
7
-33
-23
-13
-3
8
-32
-22
-12
-2
9
-31
-21
-11
0
10
-30
-20
-10
1
11
-29
-19
-9
2
12
0
0
0
-32
-22
-12
-2
9
-31
-21
-11
0
10
-30
-20
-10
1
11
-29
-19
-9
2
12
-28
-18
-8
3
13
-27
-17
-7
4
14
-26
-16
-6
5
15
-25
-15
-5
6
16
-24
-14
-4
7
17
-23
-13
-3
8
18
-22
-12
-2
9
19
-21
-11
0
10
20
-20
-10
1
11
21
-19
-9
2
12
22
-18
-8
3
13
23
-17
-7
4
14
24
-16
-6
5
15
25
-15
-5
6
16
26
0
0
0
