-56
-46
-36
-26
-16
-55
-45
-35
-25
-15
-54
-44
-34
-24
-14
-53
-43
-33
-23
-13
-52
-42
-32
-22
-12
-51
-41
-31
-21
-11
-50
-40
-30
-20
-10
-49
-39
-29
-19
-9
-48
-38
-28
-18
-8
-47
-37
-27
-17
-7
-46
-36
-26
-16
-6
-45
-35
-25
-15
-5
-44
-34
-24
-14
-4
-43
-33
-23
-13
-3
-42
-32
-22
-12
-2
-41
-31
-21
-11
0
-40
-30
-20
-10
1
-39
-29
-19
-9
2
-38
-28
-18
-8
3
-37
-27
-17
-7
4
-36
-26
-16
-6
5
-35
-25
-15
-5
6
-34
-24
-14
-4
7
-33
-23
-13
-3
8
-32
-22
-12
-2
9
-31
-21
-11
0
10
-30
-20
-10
1
11
-29
-19
-9
2
12
-28
-18
-8
3
13
-27
-17
-7
4
14
-26
-16
-6
5
15
-25
-15
-5
6
16
0
0
0
