80
90
100
110
120
81
91
101
111
121
82
92
102
112
122
83
93
103
113
123
84
94
104
114
124
85
95
105
115
125
86
96
106
116
126
87
97
107
117
127
88
98
108
118
-128
89
99
109
119
-127
90
100
110
120
-126
91
101
111
121
-125
92
102
112
122
-124
93
103
113
123
-123
94
104
114
124
-122
95
105
115
125
-121
96
106
116
126
-120
97
107
117
127
-119
0
0
0
94
104
114
124
-122
95
105
115
125
-121
96
106
116
126
-120
97
107
117
127
-119
98
108
118
-128
-118
99
109
119
-127
-117
100
110
120
-126
-116
101
111
121
-125
-115
102
112
122
-124
-114
103
113
123
-123
-113
104
114
124
-122
-112
105
115
125
-121
-111
106
116
126
-120
-110
107
117
127
-119
-109
108
118
-128
-118
-108
109
119
-127
-117
-107
110
120
-126
-116
-106
111
121
-125
-115
-105
0
0
0
-36
-26
-16
-6
5
-35
-25
-15
-5
6
-34
-24
-14
-4
7
-33
-23
-13
-3
8
-32
-22
-12
-2
9
-31
-21
-11
0
10
-30
-20
-10
1
11
-29
-19
-9
2
12
-28
-18
-8
3
13
-27
-17
-7
4
14
-26
-16
-6
5
15
-25
-15
-5
6
16
-24
-14
-4
7
17
-23
-13
-3
8
18
-22
-12
-2
9
19
-21
-11
0
10
20
-20
-10
1
11
21
-19
-9
2
12
22
0
0
0
-22
-12
-2
9
19
-21
-11
0
10
20
-20
-10
1
11
21
-19
-9
2
12
22
-18
-8
3
13
23
-17
-7
4
14
24
-16
-6
5
15
25
-15
-5
6
16
26
-14
-4
7
17
27
-13
-3
8
18
28
-12
-2
9
19
29
-11
0
10
20
30
-10
1
11
21
31
-9
2
12
22
32
-8
3
13
23
33
-7
4
14
24
34
-6
5
15
25
35
-5
6
16
26
36
0
0
0
