-86
-76
-66
-56
-46
-85
-75
-65
-55
-45
-84
-74
-64
-54
-44
-83
-73
-63
-53
-43
-82
-72
-62
-52
-42
-81
-71
-61
-51
-41
-80
-70
-60
-50
-40
-79
-69
-59
-49
-39
-78
-68
-58
-48
-38
-77
-67
-57
-47
-37
-76
-66
-56
-46
-36
-75
-65
-55
-45
-35
-74
-64
-54
-44
-34
-73
-63
-53
-43
-33
-72
-62
-52
-42
-32
-71
-61
-51
-41
-31
-70
-60
-50
-40
-30
-69
-59
-49
-39
-29
-68
-58
-48
-38
-28
-67
-57
-47
-37
-27
-66
-56
-46
-36
-26
-65
-55
-45
-35
-25
-64
-54
-44
-34
-24
-63
-53
-43
-33
-23
-62
-52
-42
-32
-22
-61
-51
-41
-31
-21
-60
-50
-40
-30
-20
-59
-49
-39
-29
-19
-58
-48
-38
-28
-18
-57
-47
-37
-27
-17
-56
-46
-36
-26
-16
-55
-45
-35
-25
-15
0
0
0
