-106
-96
-86
-76
-66
-105
-95
-85
-75
-65
-104
-94
-84
-74
-64
-103
-93
-83
-73
-63
-102
-92
-82
-72
-62
-101
-91
-81
-71
-61
-100
-90
-80
-70
-60
-99
-89
-79
-69
-59
-98
-88
-78
-68
-58
-97
-87
-77
-67
-57
-96
-86
-76
-66
-56
-95
-85
-75
-65
-55
-94
-84
-74
-64
-54
-93
-83
-73
-63
-53
-92
-82
-72
-62
-52
-91
-81
-71
-61
-51
-90
-80
-70
-60
-50
-89
-79
-69
-59
-49
-88
-78
-68
-58
-48
-87
-77
-67
-57
-47
-86
-76
-66
-56
-46
-85
-75
-65
-55
-45
-84
-74
-64
-54
-44
-83
-73
-63
-53
-43
-82
-72
-62
-52
-42
-81
-71
-61
-51
-41
-80
-70
-60
-50
-40
-79
-69
-59
-49
-39
-78
-68
-58
-48
-38
-77
-67
-57
-47
-37
-76
-66
-56
-46
-36
-75
-65
-55
-45
-35
0
0
0
