3
4
50
60
70
8
9
51
61
71
13
14
52
62
72
18
19
53
63
73
23
24
54
64
74
28
29
55
65
75
33
34
56
66
76
38
39
57
67
77
43
44
58
68
78
48
49
59
69
79
53
54
60
70
80
58
59
61
71
81
63
64
62
72
82
68
69
63
73
83
73
74
64
74
84
78
79
65
75
85
83
84
66
76
86
88
89
67
77
87
0
0
0
73
74
64
74
84
78
79
65
75
85
83
84
66
76
86
88
89
67
77
87
93
94
68
78
88
98
99
69
79
89
103
104
70
80
90
108
109
71
81
91
113
114
72
82
92
118
119
73
83
93
123
124
74
84
94
-128
-127
75
85
95
-123
-122
76
86
96
-118
-117
77
87
97
-113
-112
78
88
98
-108
-107
79
89
99
-103
-102
80
90
100
-98
-97
81
91
101
0
0
0
-86
-76
-66
-56
-46
-85
-75
-65
-55
-45
-84
-74
-64
-54
-44
-83
-73
-63
-53
-43
-82
-72
-62
-52
-42
-81
-71
-61
-51
-41
-80
-70
-60
-50
-40
-79
-69
-59
-49
-39
-78
-68
-58
-48
-38
-77
-67
-57
-47
-37
-76
-66
-56
-46
-36
-75
-65
-55
-45
-35
-74
-64
-54
-44
-34
-73
-63
-53
-43
-33
-72
-62
-52
-42
-32
-71
-61
-51
-41
-31
-70
-60
-50
-40
-30
-69
-59
-49
-39
-29
0
0
0
-72
-62
-52
-42
-32
-71
-61
-51
-41
-31
-70
-60
-50
-40
-30
-69
-59
-49
-39
-29
-68
-58
-48
-38
-28
-67
-57
-47
-37
-27
-66
-56
-46
-36
-26
-65
-55
-45
-35
-25
-64
-54
-44
-34
-24
-63
-53
-43
-33
-23
-62
-52
-42
-32
-22
-61
-51
-41
-31
-21
-60
-50
-40
-30
-20
-59
-49
-39
-29
-19
-58
-48
-38
-28
-18
-57
-47
-37
-27
-17
-56
-46
-36
-26
-16
-55
-45
-35
-25
-15
0
0
0
