120
-126
-116
-106
-96
121
-125
-115
-105
-95
122
-124
-114
-104
-94
123
-123
-113
-103
-93
124
-122
-112
-102
-92
125
-121
-111
-101
-91
126
-120
-110
-100
-90
127
-119
-109
-99
-89
-128
-118
-108
-98
-88
-127
-117
-107
-97
-87
-126
-116
-106
-96
-86
-125
-115
-105
-95
-85
-124
-114
-104
-94
-84
-123
-113
-103
-93
-83
-122
-112
-102
-92
-82
-121
-111
-101
-91
-81
-120
-110
-100
-90
-80
-119
-109
-99
-89
-79
0
0
0
-122
-112
-102
-92
-82
-121
-111
-101
-91
-81
-120
-110
-100
-90
-80
-119
-109
-99
-89
-79
-118
-108
-98
-88
-78
-117
-107
-97
-87
-77
-116
-106
-96
-86
-76
-115
-105
-95
-85
-75
-114
-104
-94
-84
-74
-113
-103
-93
-83
-73
-112
-102
-92
-82
-72
-111
-101
-91
-81
-71
-110
-100
-90
-80
-70
-109
-99
-89
-79
-69
-108
-98
-88
-78
-68
-107
-97
-87
-77
-67
-106
-96
-86
-76
-66
-105
-95
-85
-75
-65
0
0
0
5
15
25
35
45
6
16
26
36
46
7
17
27
37
47
8
18
28
38
48
9
19
29
39
49
10
20
30
40
50
11
21
31
41
51
12
22
32
42
52
13
23
33
43
53
14
24
34
44
54
15
25
35
45
55
16
26
36
46
56
17
27
37
47
57
18
28
38
48
58
19
29
39
49
59
20
30
40
50
60
21
31
41
51
61
22
32
42
52
62
0
0
0
19
29
39
49
59
20
30
40
50
60
21
31
41
51
61
22
32
42
52
62
23
33
43
53
63
24
34
44
54
64
25
35
45
55
65
26
36
46
56
66
27
37
47
57
67
28
38
48
58
68
29
39
49
59
69
30
40
50
60
70
31
41
51
61
71
32
42
52
62
72
33
43
53
63
73
34
44
54
64
74
35
45
55
65
75
36
46
56
66
76
0
0
0
