0
0
0
0
0
0
0
0
0
0
0
0
0
0
0
0
0
0
0
0
0
0
0
0
0
0
0
0
0
0
0
0
0
0
0
0
0
0
0
0
0
0
0
0
0
0
0
0
0
0
0
0
0
0
3
0
0
0
7
78
0
5
62
96
182
8
46
174
218
244
54
148
246
253
250
182
253
253
251
227
248
253
253
231
106
173
246
146
67
21
0
0
0
0
0
0
0
0
0
0
0
0
0
0
0
0
0
0
0
0
0
0
0
0
0
0
0
0
0
0
0
54
148
246
253
250
182
253
253
251
227
248
253
253
231
106
173
246
146
67
21
188
239
71
14
1
231
238
73
11
0
253
245
162
103
69
253
253
252
228
188
253
253
253
253
253
240
244
244
246
249
64
122
122
148
201
9
21
21
26
37
0
0
0
0
0
0
0
0
0
0
0
0
0
0
0
0
0
0
0
0
0
0
0
0
0
0
0
0
0
0
0
0
0
0
0
0
0
0
0
0
0
0
0
0
0
0
0
0
0
0
0
0
0
0
0
0
0
0
0
0
0
0
0
0
0
0
0
0
0
0
0
0
0
0
0
0
0
0
0
0
0
0
0
0
0
0
0
0
0
0
0
15
29
40
32
20
93
162
216
178
115
242
247
250
248
244
253
253
253
253
253
247
246
246
246
250
113
106
106
111
183
6
0
0
11
166
0
0
3
29
219
0
1
16
86
240
0
6
51
190
249
0
31
127
249
253
53
146
228
252
241
0
0
0
0
0
0
0
0
0
0
0
0
0
0
0
0
0
0
0
0
0
0
0
0
0
0
0
0
0
0
0
0
1
16
86
240
0
6
51
190
249
0
31
127
249
253
53
146
228
252
241
174
228
252
247
165
240
241
208
167
62
232
178
99
60
4
163
75
2
0
0
59
0
0
0
0
4
0
0
0
0
0
0
0
0
0
0
0
0
0
0
0
0
0
0
0
0
0
0
0
0
0
0
0
0
0
0
0
0
0
0
0
0
0
0
0
0
0
0
0
0
0
0
0
0
0
0
0
0
0
0
0
0
0
0
0
0
0
0
0
0
0
0
0
0
0
0
0
0
0
0
0
