0
0
0
0
0
0
0
0
0
0
0
0
0
0
0
0
0
0
0
0
0
0
0
0
0
0
0
0
0
0
0
0
0
0
0
0
0
0
0
1
0
0
0
2
14
0
10
36
79
140
14
80
168
204
227
136
190
240
253
253
238
253
253
248
226
253
246
230
198
133
243
209
148
82
6
188
103
14
0
0
29
7
1
0
0
3
0
0
0
0
0
0
0
0
0
0
0
0
0
0
0
0
0
0
0
0
0
0
0
0
0
0
0
0
0
0
0
0
0
0
0
243
209
148
82
6
188
103
14
0
0
29
7
1
0
0
3
0
0
0
0
0
0
0
0
0
0
0
0
2
14
59
59
73
106
122
172
172
193
242
248
253
253
253
253
253
251
251
249
245
244
223
223
194
129
122
41
41
35
22
21
0
0
0
0
0
0
0
0
0
0
0
0
0
0
0
0
0
0
0
0
0
0
0
0
0
0
0
0
0
0
0
0
0
0
0
0
0
0
0
0
0
0
0
0
0
0
0
0
0
0
0
0
0
0
0
0
0
0
0
0
0
0
0
0
0
0
0
0
0
0
0
0
0
0
0
0
0
0
0
0
0
0
0
0
0
0
0
0
0
0
0
4
0
0
0
0
31
5
1
0
0
183
68
9
0
0
242
163
56
0
0
252
231
97
0
0
241
253
111
0
0
239
228
95
0
0
249
191
71
0
0
250
174
61
0
0
236
147
47
0
0
168
51
3
0
0
91
18
0
0
0
0
0
0
0
0
0
0
0
0
0
0
0
0
0
0
0
0
0
0
0
0
0
0
0
0
0
0
0
0
0
0
250
174
61
0
0
236
147
47
0
0
168
51
3
0
0
91
18
0
0
0
39
4
0
0
0
10
0
0
0
0
0
0
0
0
0
0
0
0
0
0
0
0
0
0
0
0
0
0
0
0
0
0
0
0
0
0
0
0
0
0
0
0
0
0
0
0
0
0
0
0
0
0
0
0
0
0
0
0
0
0
0
0
0
0
0
0
0
0
0
0
0
0
0
0
0
0
0
0
0
0
0
0
0
0
0
0
0
0
0
0
0
0
0
0
0
0
0
0
0
0
0
