0
0
0
0
0
0
0
0
0
0
0
0
0
0
0
0
0
0
0
0
0
0
0
0
0
0
0
0
0
0
0
0
0
0
0
0
0
0
0
0
0
0
0
0
0
0
0
0
0
0
0
0
0
3
14
0
0
7
78
136
5
62
96
182
238
46
174
218
244
253
148
246
253
250
243
253
253
251
227
188
253
253
231
106
29
246
146
67
21
3
0
0
0
0
0
0
0
0
0
0
0
0
0
0
0
0
0
0
0
0
0
0
0
0
0
0
0
0
0
0
0
148
246
253
250
243
253
253
251
227
188
253
253
231
106
29
246
146
67
21
3
239
71
14
1
0
238
73
11
0
0
245
162
103
69
59
253
252
228
188
172
253
253
253
253
253
244
244
246
249
251
122
122
148
201
223
21
21
26
37
41
0
0
0
0
0
0
0
0
0
0
0
0
0
0
0
0
0
0
0
0
0
0
0
0
0
0
0
0
0
0
0
0
0
0
0
0
0
0
0
0
0
0
0
0
0
0
0
0
0
0
0
0
0
0
0
0
0
0
0
0
0
0
0
0
0
0
0
0
0
0
0
0
0
0
0
0
0
0
0
0
0
0
0
0
0
0
0
0
0
0
0
29
40
32
20
4
162
216
178
115
31
247
250
248
244
183
253
253
253
253
242
246
246
246
250
252
106
106
111
183
241
0
0
11
166
239
0
3
29
219
249
1
16
86
240
250
6
51
190
249
236
31
127
249
253
168
146
228
252
241
91
0
0
0
0
0
0
0
0
0
0
0
0
0
0
0
0
0
0
0
0
0
0
0
0
0
0
0
0
0
0
0
1
16
86
240
250
6
51
190
249
236
31
127
249
253
168
146
228
252
241
91
228
252
247
165
39
241
208
167
62
10
178
99
60
4
0
75
2
0
0
0
0
0
0
0
0
0
0
0
0
0
0
0
0
0
0
0
0
0
0
0
0
0
0
0
0
0
0
0
0
0
0
0
0
0
0
0
0
0
0
0
0
0
0
0
0
0
0
0
0
0
0
0
0
0
0
0
0
0
0
0
0
0
0
0
0
0
0
0
0
0
0
0
0
0
0
0
0
0
0
0
0
