0
0
0
0
0
0
0
0
0
0
0
0
0
0
0
0
0
0
0
0
0
0
0
0
0
0
0
0
0
0
0
0
0
0
0
0
0
0
0
0
0
0
0
0
0
0
0
0
0
0
0
0
0
0
0
0
0
0
0
7
0
0
5
62
96
0
8
46
174
218
12
54
148
246
253
59
182
253
253
251
102
248
253
253
231
55
173
246
146
67
0
0
0
0
0
0
0
0
0
0
0
0
0
0
0
0
0
0
0
0
0
0
0
0
0
0
0
0
0
0
0
12
54
148
246
253
59
182
253
253
251
102
248
253
253
231
55
173
246
146
67
79
188
239
71
14
159
231
238
73
11
228
253
245
162
103
248
253
253
252
228
219
253
253
253
253
141
240
244
244
246
21
64
122
122
148
2
9
21
21
26
0
0
0
0
0
0
0
0
0
0
0
0
0
0
0
0
0
0
0
0
0
0
0
0
0
0
0
0
0
0
0
0
0
0
0
0
0
0
0
0
0
0
0
0
0
0
0
0
0
0
0
0
0
0
0
0
0
0
0
0
0
0
0
0
0
0
0
0
0
0
0
0
0
0
0
0
0
0
0
0
0
0
0
0
0
0
0
0
0
0
0
5
15
29
40
32
43
93
162
216
178
239
242
247
250
248
253
253
253
253
253
250
247
246
246
246
147
113
106
106
111
39
6
0
0
11
0
0
0
3
29
0
0
1
16
86
0
0
6
51
190
0
0
31
127
249
4
53
146
228
252
0
0
0
0
0
0
0
0
0
0
0
0
0
0
0
0
0
0
0
0
0
0
0
0
0
0
0
0
0
0
0
0
0
1
16
86
0
0
6
51
190
0
0
31
127
249
4
53
146
228
252
119
174
228
252
247
217
240
241
208
167
250
232
178
99
60
227
163
75
2
0
156
59
0
0
0
36
4
0
0
0
2
0
0
0
0
0
0
0
0
0
0
0
0
0
0
0
0
0
0
0
0
0
0
0
0
0
0
0
0
0
0
0
0
0
0
0
0
0
0
0
0
0
0
0
0
0
0
0
0
0
0
0
0
0
0
0
0
0
0
0
0
0
0
0
0
0
0
0
0
0
0
