0
0
0
0
0
0
0
0
0
0
0
0
0
0
0
0
0
0
0
0
0
0
0
0
0
0
0
0
0
0
0
0
0
0
0
0
0
0
0
0
0
0
0
0
0
0
0
0
0
0
0
0
0
0
0
0
0
0
0
0
0
0
0
5
62
0
0
8
46
174
1
12
54
148
246
5
59
182
253
253
16
102
248
253
253
4
55
173
246
146
0
0
0
0
0
0
0
0
0
0
0
0
0
0
0
0
0
0
0
0
0
0
0
0
0
0
0
0
0
0
0
1
12
54
148
246
5
59
182
253
253
16
102
248
253
253
4
55
173
246
146
16
79
188
239
71
56
159
231
238
73
95
228
253
245
162
108
248
253
253
252
89
219
253
253
253
42
141
240
244
244
3
21
64
122
122
0
2
9
21
21
0
0
0
0
0
0
0
0
0
0
0
0
0
0
0
0
0
0
0
0
0
0
0
0
0
0
0
0
0
0
0
0
0
0
0
0
0
0
0
0
0
0
0
0
0
0
0
0
0
0
0
0
0
0
0
0
0
0
0
0
0
0
0
0
0
0
0
0
0
0
0
0
0
0
0
0
0
0
0
0
0
0
0
0
0
0
0
0
0
0
0
1
5
15
29
40
18
43
93
162
216
210
239
242
247
250
247
253
253
253
253
253
250
247
246
246
202
147
113
106
106
95
39
6
0
0
6
0
0
0
3
0
0
0
1
16
0
0
0
6
51
0
0
0
31
127
0
4
53
146
228
0
0
0
0
0
0
0
0
0
0
0
0
0
0
0
0
0
0
0
0
0
0
0
0
0
0
0
0
0
0
0
0
0
0
1
16
0
0
0
6
51
0
0
0
31
127
0
4
53
146
228
63
119
174
228
252
174
217
240
241
208
244
250
232
178
99
253
227
163
75
2
230
156
59
0
0
123
36
4
0
0
11
2
0
0
0
1
0
0
0
0
0
0
0
0
0
0
0
0
0
0
0
0
0
0
0
0
0
0
0
0
0
0
0
0
0
0
0
0
0
0
0
0
0
0
0
0
0
0
0
0
0
0
0
0
0
0
0
0
0
0
0
0
0
0
0
0
0
0
0
0
0
