0
0
0
0
0
0
0
0
0
0
0
0
0
0
0
0
0
0
0
0
0
0
0
0
0
0
0
0
0
0
0
0
0
0
0
0
0
0
1
5
0
0
2
14
73
10
36
79
140
216
80
168
204
227
251
190
240
253
253
253
253
253
248
226
181
246
230
198
133
61
209
148
82
6
0
103
14
0
0
0
7
1
0
0
0
0
0
0
0
0
0
0
0
0
0
0
0
0
0
0
0
0
0
0
0
0
0
0
0
0
0
0
0
0
0
0
0
0
0
0
0
209
148
82
6
0
103
14
0
0
0
7
1
0
0
0
0
0
0
0
0
0
0
0
0
0
0
0
2
14
52
59
73
106
122
163
172
193
242
248
253
253
253
253
253
253
251
249
245
244
244
223
194
129
122
122
41
35
22
21
21
0
0
0
0
0
0
0
0
0
0
0
0
0
0
0
0
0
0
0
0
0
0
0
0
0
0
0
0
0
0
0
0
0
0
0
0
0
0
0
0
0
0
0
0
0
0
0
0
0
0
0
0
0
0
0
0
0
0
0
0
0
0
0
0
0
0
0
0
0
0
0
0
0
0
0
0
0
0
0
0
0
0
0
0
0
0
0
0
0
0
0
0
0
0
0
0
5
1
0
0
0
68
9
0
0
0
163
56
0
0
0
231
97
0
0
0
253
111
0
0
0
228
95
0
0
0
191
71
0
0
0
174
61
0
0
0
147
47
0
0
0
51
3
0
0
0
18
0
0
0
0
0
0
0
0
0
0
0
0
0
0
0
0
0
0
0
0
0
0
0
0
0
0
0
0
0
0
0
0
0
0
0
174
61
0
0
0
147
47
0
0
0
51
3
0
0
0
18
0
0
0
0
4
0
0
0
0
0
0
0
0
0
0
0
0
0
0
0
0
0
0
0
0
0
0
0
0
0
0
0
0
0
0
0
0
0
0
0
0
0
0
0
0
0
0
0
0
0
0
0
0
0
0
0
0
0
0
0
0
0
0
0
0
0
0
0
0
0
0
0
0
0
0
0
0
0
0
0
0
0
0
0
0
0
0
0
0
0
0
0
0
0
0
0
0
0
0
0
0
0
0
0
0
