0
0
0
0
0
0
0
0
0
0
0
0
0
0
0
0
0
0
0
0
0
0
0
0
0
0
0
0
0
0
0
0
0
0
0
0
0
0
0
0
0
0
0
0
0
0
0
0
0
10
0
0
3
14
80
0
7
78
136
190
62
96
182
238
253
174
218
244
253
246
246
253
250
243
209
253
251
227
188
103
253
231
106
29
7
146
67
21
3
0
0
0
0
0
0
0
0
0
0
0
0
0
0
0
0
0
0
0
0
0
0
0
0
0
0
0
0
0
0
0
0
246
253
250
243
209
253
251
227
188
103
253
231
106
29
7
146
67
21
3
0
71
14
1
0
0
73
11
0
0
0
162
103
69
59
59
252
228
188
172
172
253
253
253
253
253
244
246
249
251
251
122
148
201
223
223
21
26
37
41
41
0
0
0
0
0
0
0
0
0
0
0
0
0
0
0
0
0
0
0
0
0
0
0
0
0
0
0
0
0
0
0
0
0
0
0
0
0
0
0
0
0
0
0
0
0
0
0
0
0
0
0
0
0
0
0
0
0
0
0
0
0
0
0
0
0
0
0
0
0
0
0
0
0
0
0
0
0
0
0
0
0
0
0
0
0
0
0
0
0
0
0
40
32
20
4
0
216
178
115
31
5
250
248
244
183
68
253
253
253
242
163
246
246
250
252
231
106
111
183
241
253
0
11
166
239
228
3
29
219
249
191
16
86
240
250
174
51
190
249
236
147
127
249
253
168
51
228
252
241
91
18
0
0
0
0
0
0
0
0
0
0
0
0
0
0
0
0
0
0
0
0
0
0
0
0
0
0
0
0
0
0
0
16
86
240
250
174
51
190
249
236
147
127
249
253
168
51
228
252
241
91
18
252
247
165
39
4
208
167
62
10
0
99
60
4
0
0
2
0
0
0
0
0
0
0
0
0
0
0
0
0
0
0
0
0
0
0
0
0
0
0
0
0
0
0
0
0
0
0
0
0
0
0
0
0
0
0
0
0
0
0
0
0
0
0
0
0
0
0
0
0
0
0
0
0
0
0
0
0
0
0
0
0
0
0
0
0
0
0
0
0
0
0
0
0
0
0
0
0
0
0
0
0
