0
0
0
0
0
0
0
0
0
0
0
0
0
0
0
0
0
0
0
0
0
0
0
0
0
0
0
0
0
0
0
0
0
0
0
0
0
0
0
0
0
0
0
0
0
0
0
0
10
36
0
3
14
80
168
7
78
136
190
240
96
182
238
253
253
218
244
253
246
230
253
250
243
209
148
251
227
188
103
14
231
106
29
7
1
67
21
3
0
0
0
0
0
0
0
0
0
0
0
0
0
0
0
0
0
0
0
0
0
0
0
0
0
0
0
0
0
0
0
0
0
253
250
243
209
148
251
227
188
103
14
231
106
29
7
1
67
21
3
0
0
14
1
0
0
0
11
0
0
0
0
103
69
59
59
73
228
188
172
172
193
253
253
253
253
253
246
249
251
251
249
148
201
223
223
194
26
37
41
41
35
0
0
0
0
0
0
0
0
0
0
0
0
0
0
0
0
0
0
0
0
0
0
0
0
0
0
0
0
0
0
0
0
0
0
0
0
0
0
0
0
0
0
0
0
0
0
0
0
0
0
0
0
0
0
0
0
0
0
0
0
0
0
0
0
0
0
0
0
0
0
0
0
0
0
0
0
0
0
0
0
0
0
0
0
0
0
0
0
0
0
0
32
20
4
0
0
178
115
31
5
1
248
244
183
68
9
253
253
242
163
56
246
250
252
231
97
111
183
241
253
111
11
166
239
228
95
29
219
249
191
71
86
240
250
174
61
190
249
236
147
47
249
253
168
51
3
252
241
91
18
0
0
0
0
0
0
0
0
0
0
0
0
0
0
0
0
0
0
0
0
0
0
0
0
0
0
0
0
0
0
0
0
86
240
250
174
61
190
249
236
147
47
249
253
168
51
3
252
241
91
18
0
247
165
39
4
0
167
62
10
0
0
60
4
0
0
0
0
0
0
0
0
0
0
0
0
0
0
0
0
0
0
0
0
0
0
0
0
0
0
0
0
0
0
0
0
0
0
0
0
0
0
0
0
0
0
0
0
0
0
0
0
0
0
0
0
0
0
0
0
0
0
0
0
0
0
0
0
0
0
0
0
0
0
0
0
0
0
0
0
0
0
0
0
0
0
0
0
0
0
0
0
0
