0
0
0
0
0
0
0
0
0
0
0
0
0
0
0
0
0
0
0
0
0
0
0
0
0
0
0
0
0
0
0
0
0
0
0
0
0
0
0
0
0
0
0
0
2
0
0
10
36
79
3
14
80
168
204
78
136
190
240
253
182
238
253
253
248
244
253
246
230
198
250
243
209
148
82
227
188
103
14
0
106
29
7
1
0
21
3
0
0
0
0
0
0
0
0
0
0
0
0
0
0
0
0
0
0
0
0
0
0
0
0
0
0
0
0
0
0
0
0
0
0
250
243
209
148
82
227
188
103
14
0
106
29
7
1
0
21
3
0
0
0
1
0
0
0
0
0
0
0
0
2
69
59
59
73
106
188
172
172
193
242
253
253
253
253
253
249
251
251
249
245
201
223
223
194
129
37
41
41
35
22
0
0
0
0
0
0
0
0
0
0
0
0
0
0
0
0
0
0
0
0
0
0
0
0
0
0
0
0
0
0
0
0
0
0
0
0
0
0
0
0
0
0
0
0
0
0
0
0
0
0
0
0
0
0
0
0
0
0
0
0
0
0
0
0
0
0
0
0
0
0
0
0
0
0
0
0
0
0
0
0
0
0
0
0
0
0
0
0
0
0
0
20
4
0
0
0
115
31
5
1
0
244
183
68
9
0
253
242
163
56
0
250
252
231
97
0
183
241
253
111
0
166
239
228
95
0
219
249
191
71
0
240
250
174
61
0
249
236
147
47
0
253
168
51
3
0
241
91
18
0
0
0
0
0
0
0
0
0
0
0
0
0
0
0
0
0
0
0
0
0
0
0
0
0
0
0
0
0
0
0
0
0
240
250
174
61
0
249
236
147
47
0
253
168
51
3
0
241
91
18
0
0
165
39
4
0
0
62
10
0
0
0
4
0
0
0
0
0
0
0
0
0
0
0
0
0
0
0
0
0
0
0
0
0
0
0
0
0
0
0
0
0
0
0
0
0
0
0
0
0
0
0
0
0
0
0
0
0
0
0
0
0
0
0
0
0
0
0
0
0
0
0
0
0
0
0
0
0
0
0
0
0
0
0
0
0
0
0
0
0
0
0
0
0
0
0
0
0
0
0
0
0
0
