0
0
0
0
0
0
0
0
0
0
0
0
0
0
0
0
0
0
0
0
0
0
0
0
0
0
0
0
0
0
0
0
0
0
0
0
0
0
0
0
0
0
0
0
0
0
0
0
0
0
0
0
0
0
0
0
0
0
0
0
0
0
0
0
5
0
0
0
8
46
0
1
12
54
148
0
5
59
182
253
0
16
102
248
253
0
4
55
173
246
0
0
0
0
0
0
0
0
0
0
0
0
0
0
0
0
0
0
0
0
0
0
0
0
0
0
0
0
0
0
0
0
1
12
54
148
0
5
59
182
253
0
16
102
248
253
0
4
55
173
246
0
16
79
188
239
0
56
159
231
238
0
95
228
253
245
0
108
248
253
253
0
89
219
253
253
0
42
141
240
244
0
3
21
64
122
0
0
2
9
21
0
0
0
0
0
0
0
0
0
0
0
0
0
0
0
0
0
0
0
0
0
0
0
0
0
0
0
0
0
0
0
0
0
0
0
0
0
0
0
0
0
0
0
0
0
0
0
0
0
0
0
0
0
0
0
0
0
0
0
0
0
0
0
0
0
0
0
0
0
0
0
0
0
0
0
0
0
0
0
0
0
0
0
0
0
0
0
0
0
0
0
0
1
5
15
29
10
18
43
93
162
136
210
239
242
247
233
247
253
253
253
253
253
250
247
246
241
202
147
113
106
148
95
39
6
0
27
6
0
0
0
0
0
0
0
1
0
0
0
0
6
0
0
0
0
31
0
0
4
53
146
0
0
0
0
0
0
0
0
0
0
0
0
0
0
0
0
0
0
0
0
0
0
0
0
0
0
0
0
0
0
0
0
0
0
0
1
0
0
0
0
6
0
0
0
0
31
0
0
4
53
146
3
63
119
174
228
105
174
217
240
241
214
244
250
232
178
253
253
227
163
75
252
230
156
59
0
233
123
36
4
0
44
11
2
0
0
5
1
0
0
0
0
0
0
0
0
0
0
0
0
0
0
0
0
0
0
0
0
0
0
0
0
0
0
0
0
0
0
0
0
0
0
0
0
0
0
0
0
0
0
0
0
0
0
0
0
0
0
0
0
0
0
0
0
0
0
0
0
0
0
0
0
