00 00 00 00 00 00 00 00 00 00 00 00 00 00 00 00 00 00 00 00 00 00 00 00 00 00 00 00 
00 00 00 00 00 00 00 00 00 00 00 00 00 00 00 00 00 00 00 00 00 00 00 00 00 00 00 00 
00 00 00 00 00 00 00 00 00 00 00 00 00 00 00 00 00 00 00 00 00 00 00 00 00 00 00 00 
00 00 00 00 00 00 00 00 00 00 00 00 00 00 00 00 00 00 00 00 00 00 00 00 00 00 00 00 
00 00 00 00 00 00 00 00 00 00 00 00 00 00 00 00 00 00 00 00 00 00 00 00 00 00 00 00 
00 00 00 00 00 00 00 00 00 00 00 00 00 00 00 00 00 00 0E 02 00 00 00 00 00 00 00 00 
00 00 00 00 00 00 00 00 00 00 00 00 00 00 00 08 47 68 71 5D 31 09 00 01 03 00 00 00 
00 00 00 00 00 00 00 00 00 00 00 00 00 0C 51 78 7A 56 45 43 48 48 4D 3F 22 05 00 00 
00 00 00 00 00 00 00 00 00 00 00 00 17 60 88 7B 44 0A 09 2B 54 6D 6F 50 22 05 00 00 
00 00 00 00 00 00 00 00 00 00 00 0A 38 56 57 30 00 00 0B 3D 61 70 61 39 10 02 00 00 
00 00 00 00 00 00 00 00 00 00 0D 1D 0E 02 00 00 00 00 0F 27 33 35 29 16 04 00 00 00 
00 00 00 00 00 10 28 39 44 48 3F 1A 00 00 00 00 00 04 00 00 00 00 00 00 00 00 00 00 
00 00 00 00 00 26 5C 87 A6 B1 90 4B 0B 00 00 0C 27 2D 07 00 00 00 00 00 00 00 00 00 
00 00 00 00 00 25 61 9C C5 D2 B1 78 52 51 6E 8B 99 8D 61 0F 00 00 00 00 00 00 00 00 
00 00 00 00 00 10 37 5E 76 7C 72 6E 82 AE DC F8 FA EF D4 91 30 00 00 00 00 00 00 00 
00 00 00 00 00 00 00 00 00 00 16 51 99 D5 F2 FD FC F8 F2 CE 62 0C 00 00 00 00 00 00 
00 00 00 00 00 00 00 00 00 00 07 5F A2 BC B0 A6 A6 A4 A8 9D 4F 06 00 00 00 00 00 00 
00 00 00 00 00 00 00 00 00 00 4C 87 96 7B 53 40 3D 37 37 3C 20 00 00 04 00 00 00 00 
00 00 00 00 00 00 00 00 00 3E 7A 89 6F 41 1B 0A 01 00 00 00 00 00 13 25 1A 04 00 00 
00 00 00 00 00 00 00 00 23 63 77 65 3E 18 02 00 00 00 00 00 00 17 36 3F 28 06 00 00 
00 00 00 00 00 00 00 19 4A 67 5F 3B 18 01 00 00 00 00 00 00 1B 4A 5D 4C 23 05 00 00 
00 00 00 00 00 00 05 1D 3A 38 1F 00 00 00 00 00 00 00 00 22 5F 77 6B 40 14 02 00 00 
00 00 00 00 0B 12 0B 00 00 00 00 00 00 00 00 00 00 00 3F 89 95 7F 55 25 06 00 00 00 
00 00 06 26 40 40 1C 00 00 00 00 00 00 00 00 00 1B 76 B2 B8 93 5E 2E 0D 00 00 00 00 
00 00 0A 42 70 7B 62 2C 00 00 00 00 00 00 2C 78 B6 D1 C4 94 5E 2E 0E 01 00 00 00 00 
00 00 09 3B 7A A5 BD BE 9F 82 78 7B 95 BC D9 E1 D8 B5 80 4E 28 0F 02 00 00 00 00 00 
00 00 04 20 5B 98 CE F9 FF FF FF FF FC F1 D9 B1 84 5A 33 17 08 02 00 00 00 00 00 00 
00 00 01 09 2D 5B 87 AF CD D7 D6 CB B0 93 70 4A 2C 19 0A 03 00 00 00 00 00 00 00 00 
