00 00 00 00 00 00 00 00 00 00 00 00 00 00 00 00 00 00 00 00 00 00 00 00 00 00 00 00 
00 00 00 00 00 00 00 00 00 00 00 00 00 00 00 00 00 00 00 00 00 00 00 00 00 00 00 00 
00 00 00 00 00 00 00 00 00 00 00 00 00 00 00 00 00 00 00 00 00 03 06 02 00 00 00 00 
00 00 00 00 00 00 00 00 00 00 00 00 00 00 00 00 00 00 00 00 00 07 0B 07 02 00 00 00 
00 00 00 00 00 00 00 00 00 00 00 00 00 00 00 00 15 32 36 17 00 00 0D 10 06 00 00 00 
00 00 00 00 00 00 00 00 00 00 00 00 00 00 22 31 40 48 20 00 00 00 1B 11 01 00 00 00 
00 00 00 00 00 00 00 00 00 00 00 00 18 40 3A 23 1B 00 00 00 00 26 1C 00 00 00 00 00 
00 00 00 00 00 00 00 00 00 00 00 23 41 3F 17 00 00 00 00 00 39 35 00 00 00 00 00 00 
00 00 00 00 00 00 00 00 00 02 24 2F 31 18 00 00 00 00 00 40 4A 05 00 00 00 00 00 00 
00 00 00 00 00 00 00 00 03 20 18 0F 06 00 00 00 00 00 2B 3F 13 00 00 00 00 00 00 00 
00 00 00 00 00 00 00 00 18 0F 00 00 00 00 00 00 07 0A 0B 00 00 00 00 00 01 00 00 00 
00 00 00 00 00 00 05 1B 15 00 00 00 00 00 00 18 08 00 00 00 00 00 05 05 00 00 00 00 
00 00 00 00 00 08 1C 28 17 00 00 00 00 00 18 19 00 00 00 00 00 08 15 05 00 00 00 00 
00 00 00 00 00 03 11 19 0A 00 00 00 00 1C 2D 1B 00 00 00 00 00 02 06 00 01 00 00 00 
00 00 00 00 00 00 00 00 00 00 00 00 2C 3A 23 00 00 04 13 00 00 00 00 01 04 00 00 00 
00 00 00 00 00 00 00 00 00 00 16 4C 44 0E 00 00 00 06 00 00 00 00 01 0E 01 00 00 00 
00 00 00 00 00 00 00 00 00 2C 5B 47 02 00 00 00 00 00 00 00 00 00 13 07 00 00 00 00 
00 00 00 00 00 00 00 00 2C 5A 48 03 00 00 00 00 00 00 00 00 00 1A 16 00 00 00 00 00 
00 00 00 00 00 00 00 1C 51 44 05 00 00 00 00 00 00 00 00 00 17 37 10 00 00 00 00 00 
00 00 00 00 00 00 00 44 45 0D 00 00 00 00 00 00 00 00 00 04 41 3D 00 00 00 00 00 00 
00 00 00 00 00 00 2D 4C 1D 00 00 00 00 00 00 00 00 00 04 45 56 1D 00 00 00 00 00 00 
00 00 00 00 00 00 32 1C 00 00 00 00 00 00 00 00 00 17 4F 61 32 00 00 00 00 00 00 00 
00 00 00 00 00 0F 0C 00 00 00 00 00 00 00 00 00 3D 63 5A 29 00 00 00 00 01 00 00 00 
00 00 00 02 0D 0E 00 00 00 00 00 00 00 13 35 5D 6A 49 0E 00 00 00 00 04 00 00 00 00 
00 00 01 0B 18 0D 00 00 00 07 1A 31 47 55 55 43 1C 00 00 00 00 00 03 00 00 00 00 00 
00 00 01 08 14 17 19 23 27 31 39 3C 35 25 0A 00 00 00 00 00 00 02 01 00 00 00 00 00 
00 00 00 01 09 14 17 0E 03 00 00 00 00 00 00 00 00 00 00 00 01 01 00 00 00 00 00 00 
00 00 00 00 00 02 00 00 00 00 00 00 00 00 00 00 00 00 01 01 00 00 00 00 00 00 00 00 
