0 1 2 2 3 4 4 5 6 6 7 8 8 9 A A B C C D E E F 10 10 11 12 12 
0 0 0 0 0 0 0 2 4 6 8 A C E 10 12 14 16 18 1A 1C 1E 1F 21 23 25 27 29 
0 0 0 0 0 0 0 0 0 3 6 9 C F 12 16 19 1C 1F 22 25 28 2B 2E 32 35 38 3B 
0 0 0 0 0 0 0 0 0 0 0 3 6 9 C F 12 14 17 1A 1D 20 23 26 29 2C 2E 31 
0 0 0 0 0 0 0 0 0 0 0 0 0 0 0 1 2 4 5 7 8 9 B C E F 10 12 
0 0 0 0 0 0 0 0 0 0 0 0 0 0 0 0 0 0 0 0 0 0 0 0 0 0 0 0 
0 0 0 0 0 0 0 0 0 0 0 0 0 0 0 0 0 0 0 0 0 0 0 0 0 0 0 0 
0 0 0 0 0 0 0 0 0 0 0 0 0 0 0 0 0 0 0 0 0 0 0 0 0 0 0 0 
0 0 0 0 0 0 0 0 0 0 0 0 0 0 0 0 0 0 0 0 0 0 0 0 0 0 0 0 
0 0 0 0 0 0 0 0 0 0 0 0 0 0 0 0 0 0 0 0 0 0 0 0 0 0 0 0 
0 0 0 0 0 0 0 0 0 0 0 0 0 0 0 0 0 0 0 0 0 0 0 0 0 0 0 0 
0 0 0 0 0 0 0 0 0 0 0 0 0 0 0 0 0 0 0 1 1 1 1 1 1 1 2 2 
0 0 0 0 0 0 0 0 0 1 1 1 1 1 1 1 2 2 2 2 2 2 2 2 3 3 3 3 
1 1 1 1 1 1 2 2 2 2 2 2 2 2 3 3 3 3 3 3 3 4 4 4 4 4 4 4 
2 2 2 2 3 3 3 3 3 3 3 4 4 4 4 4 4 4 4 5 5 5 5 5 5 5 6 6 
3 4 4 4 4 4 4 4 4 5 5 5 5 5 5 5 6 6 6 6 6 6 6 6 7 7 7 7 
5 5 5 5 5 5 6 6 6 6 6 6 6 6 7 7 7 7 7 7 7 8 8 8 8 8 8 8 
6 6 6 6 7 7 7 7 7 7 7 8 8 8 8 8 8 8 9 9 9 9 9 9 9 9 A A 
7 8 8 8 8 8 8 8 9 9 9 9 9 9 9 9 A A A A A A A B B B B B 
9 9 9 9 9 9 A A A A A A A B B B B B B B B C C C C C C C 
A A A B B B B B B B B C C C C C C C D D D D D D D D E E 
B C C C C C C C D D D D D D D D E E E E E E E F F F F F 
D D D D D D E E E E E E E F F F F F F F F 10 10 10 10 10 10 10 
E E E F F F F F F F F 10 10 10 10 10 10 10 11 11 11 11 11 11 11 11 12 12 
F 10 10 10 10 10 10 10 11 11 11 11 11 11 11 11 12 12 12 12 12 12 12 13 13 13 13 13 
11 11 11 11 11 11 12 12 12 12 12 12 12 13 13 13 13 13 13 13 13 14 14 14 14 14 14 14 
12 12 12 13 13 13 13 13 13 13 13 14 14 14 14 14 14 14 15 15 15 15 15 15 15 16 16 16 
13 14 14 14 14 14 14 14 15 15 15 15 15 15 15 16 16 16 16 16 16 16 16 17 17 17 17 17 
