210
220
230
240
250
211
221
231
241
251
212
222
232
242
252
213
223
233
243
253
214
224
234
244
254
215
225
235
245
0
216
226
236
246
1
217
227
237
247
2
218
228
238
248
3
219
229
239
249
4
220
230
240
250
5
221
231
241
251
6
222
232
242
252
7
223
233
243
253
8
224
234
244
254
9
225
235
245
0
10
226
236
246
1
11
227
237
247
2
12
228
238
248
3
13
229
239
249
4
14
230
240
250
5
15
231
241
251
6
16
232
242
252
7
17
233
243
253
8
18
234
244
254
9
19
235
245
0
10
20
236
246
1
11
21
237
247
2
12
22
238
248
3
13
23
239
249
4
14
24
240
250
5
15
25
241
251
6
16
26
0
0
0
