4
50
60
70
80
9
51
61
71
81
14
52
62
72
82
19
53
63
73
83
24
54
64
74
84
29
55
65
75
85
34
56
66
76
86
39
57
67
77
87
44
58
68
78
88
49
59
69
79
89
54
60
70
80
90
59
61
71
81
91
64
62
72
82
92
69
63
73
83
93
74
64
74
84
94
79
65
75
85
95
84
66
76
86
96
89
67
77
87
97
94
68
78
88
98
99
69
79
89
99
104
70
80
90
100
109
71
81
91
101
114
72
82
92
102
119
73
83
93
103
124
74
84
94
104
129
75
85
95
105
134
76
86
96
106
139
77
87
97
107
144
78
88
98
108
149
79
89
99
109
154
80
90
100
110
159
81
91
101
111
0
0
0
