170
180
190
200
210
171
181
191
201
211
172
182
192
202
212
173
183
193
203
213
174
184
194
204
214
175
185
195
205
215
176
186
196
206
216
177
187
197
207
217
178
188
198
208
218
179
189
199
209
219
180
190
200
210
220
181
191
201
211
221
182
192
202
212
222
183
193
203
213
223
184
194
204
214
224
185
195
205
215
225
186
196
206
216
226
187
197
207
217
227
188
198
208
218
228
189
199
209
219
229
190
200
210
220
230
191
201
211
221
231
192
202
212
222
232
193
203
213
223
233
194
204
214
224
234
195
205
215
225
235
196
206
216
226
236
197
207
217
227
237
198
208
218
228
238
199
209
219
229
239
200
210
220
230
240
201
211
221
231
241
0
0
0
