80
90
100
110
120
81
91
101
111
121
82
92
102
112
122
83
93
103
113
123
84
94
104
114
124
85
95
105
115
125
86
96
106
116
126
87
97
107
117
127
88
98
108
118
128
89
99
109
119
129
90
100
110
120
130
91
101
111
121
131
92
102
112
122
132
93
103
113
123
133
94
104
114
124
134
95
105
115
125
135
96
106
116
126
136
97
107
117
127
137
98
108
118
128
138
99
109
119
129
139
100
110
120
130
140
101
111
121
131
141
102
112
122
132
142
103
113
123
133
143
104
114
124
134
144
105
115
125
135
145
106
116
126
136
146
107
117
127
137
147
108
118
128
138
148
109
119
129
139
149
110
120
130
140
150
111
121
131
141
151
0
0
0
