1
2
3
4
50
6
7
8
9
51
11
12
13
14
52
16
17
18
19
53
21
22
23
24
54
26
27
28
29
55
31
32
33
34
56
36
37
38
39
57
41
42
43
44
58
46
47
48
49
59
51
52
53
54
60
56
57
58
59
61
61
62
63
64
62
66
67
68
69
63
71
72
73
74
64
76
77
78
79
65
81
82
83
84
66
86
87
88
89
67
91
92
93
94
68
96
97
98
99
69
101
102
103
104
70
106
107
108
109
71
111
112
113
114
72
116
117
118
119
73
121
122
123
124
74
126
127
128
129
75
131
132
133
134
76
136
137
138
139
77
141
142
143
144
78
146
147
148
149
79
151
152
153
154
80
156
157
158
159
81
0
0
0
