130
140
150
160
170
131
141
151
161
171
132
142
152
162
172
133
143
153
163
173
134
144
154
164
174
135
145
155
165
175
136
146
156
166
176
137
147
157
167
177
138
148
158
168
178
139
149
159
169
179
140
150
160
170
180
141
151
161
171
181
142
152
162
172
182
143
153
163
173
183
144
154
164
174
184
145
155
165
175
185
146
156
166
176
186
147
157
167
177
187
148
158
168
178
188
149
159
169
179
189
150
160
170
180
190
151
161
171
181
191
152
162
172
182
192
153
163
173
183
193
154
164
174
184
194
155
165
175
185
195
156
166
176
186
196
157
167
177
187
197
158
168
178
188
198
159
169
179
189
199
160
170
180
190
200
161
171
181
191
201
0
0
0
