180
190
200
210
220
181
191
201
211
221
182
192
202
212
222
183
193
203
213
223
184
194
204
214
224
185
195
205
215
225
186
196
206
216
226
187
197
207
217
227
188
198
208
218
228
189
199
209
219
229
190
200
210
220
230
191
201
211
221
231
192
202
212
222
232
193
203
213
223
233
194
204
214
224
234
195
205
215
225
235
196
206
216
226
236
197
207
217
227
237
198
208
218
228
238
199
209
219
229
239
200
210
220
230
240
201
211
221
231
241
202
212
222
232
242
203
213
223
233
243
204
214
224
234
244
205
215
225
235
245
206
216
226
236
246
207
217
227
237
247
208
218
228
238
248
209
219
229
239
249
210
220
230
240
250
211
221
231
241
251
0
0
0
