0000 0001 0002 0002 0003 0004 0004 0005 0006 0006 0007 0008 0008 0009 000A 000A 000B 000C 000C 000D 000E 000E 000F 0010 0010 0011 0012 0012 
0000 0000 0000 0000 0000 0000 0000 0002 0004 0006 0008 000A 000C 000E 0010 0012 0014 0016 0018 001A 001C 001E 001F 0021 0023 0025 0027 0029 
0000 0000 0000 0000 0000 0000 0000 0000 0000 0003 0006 0009 000C 000F 0012 0016 0019 001C 001F 0022 0025 0028 002B 002E 0032 0035 0038 003B 
0000 0000 0000 0000 0000 0000 0000 0000 0000 0000 0000 0003 0006 0009 000C 000F 0012 0014 0017 001A 001D 0020 0023 0026 0029 002C 002E 0031 
0000 0000 0000 0000 0000 0000 0000 0000 0000 0000 0000 0000 0000 0000 0000 0001 0002 0004 0005 0007 0008 0009 000B 000C 000E 000F 0010 0012 
0000 0000 0000 0000 0000 0000 0000 0000 0000 0000 0000 0000 0000 0000 0000 0000 0000 0000 0000 0000 0000 0000 0000 0000 0000 0000 0000 0000 
0000 0000 0000 0000 0000 0000 0000 0000 0000 0000 0000 0000 0000 0000 0000 0000 0000 0000 0000 0000 0000 0000 0000 0000 0000 0000 0000 0000 
0000 0000 0000 0000 0000 0000 0000 0000 0000 0000 0000 0000 0000 0000 0000 0000 0000 0000 0000 0000 0000 0000 0000 0000 0000 0000 0000 0000 
0000 0000 0000 0000 0000 0000 0000 0000 0000 0000 0000 0000 0000 0000 0000 0000 0000 0000 0000 0000 0000 0000 0000 0000 0000 0000 0000 0000 
0000 0000 0000 0000 0000 0000 0000 0000 0000 0000 0000 0000 0000 0000 0000 0000 0000 0000 0000 0000 0000 0000 0000 0000 0000 0000 0000 0000 
0000 0000 0000 0000 0000 0000 0000 0000 0000 0000 0000 0000 0000 0000 0000 0000 0000 0000 0000 0000 0000 0000 0000 0000 0000 0000 0000 0000 
0000 0000 0000 0000 0000 0000 0000 0000 0000 0000 0000 0000 0000 0000 0000 0000 0000 0000 0000 0001 0001 0001 0001 0001 0001 0001 0002 0002 
0000 0000 0000 0000 0000 0000 0000 0000 0000 0001 0001 0001 0001 0001 0001 0001 0002 0002 0002 0002 0002 0002 0002 0002 0003 0003 0003 0003 
0001 0001 0001 0001 0001 0001 0002 0002 0002 0002 0002 0002 0002 0002 0003 0003 0003 0003 0003 0003 0003 0004 0004 0004 0004 0004 0004 0004 
0002 0002 0002 0002 0003 0003 0003 0003 0003 0003 0003 0004 0004 0004 0004 0004 0004 0004 0004 0005 0005 0005 0005 0005 0005 0005 0006 0006 
0003 0004 0004 0004 0004 0004 0004 0004 0004 0005 0005 0005 0005 0005 0005 0005 0006 0006 0006 0006 0006 0006 0006 0006 0007 0007 0007 0007 
0005 0005 0005 0005 0005 0005 0006 0006 0006 0006 0006 0006 0006 0006 0007 0007 0007 0007 0007 0007 0007 0008 0008 0008 0008 0008 0008 0008 
0006 0006 0006 0006 0007 0007 0007 0007 0007 0007 0007 0008 0008 0008 0008 0008 0008 0008 0009 0009 0009 0009 0009 0009 0009 0009 000A 000A 
0007 0008 0008 0008 0008 0008 0008 0008 0009 0009 0009 0009 0009 0009 0009 0009 000A 000A 000A 000A 000A 000A 000A 000B 000B 000B 000B 000B 
0009 0009 0009 0009 0009 0009 000A 000A 000A 000A 000A 000A 000A 000B 000B 000B 000B 000B 000B 000B 000B 000C 000C 000C 000C 000C 000C 000C 
000A 000A 000A 000B 000B 000B 000B 000B 000B 000B 000B 000C 000C 000C 000C 000C 000C 000C 000D 000D 000D 000D 000D 000D 000D 000D 000E 000E 
000B 000C 000C 000C 000C 000C 000C 000C 000D 000D 000D 000D 000D 000D 000D 000D 000E 000E 000E 000E 000E 000E 000E 000F 000F 000F 000F 000F 
000D 000D 000D 000D 000D 000D 000E 000E 000E 000E 000E 000E 000E 000F 000F 000F 000F 000F 000F 000F 000F 0010 0010 0010 0010 0010 0010 0010 
000E 000E 000E 000F 000F 000F 000F 000F 000F 000F 000F 0010 0010 0010 0010 0010 0010 0010 0011 0011 0011 0011 0011 0011 0011 0011 0012 0012 
000F 0010 0010 0010 0010 0010 0010 0010 0011 0011 0011 0011 0011 0011 0011 0011 0012 0012 0012 0012 0012 0012 0012 0013 0013 0013 0013 0013 
0011 0011 0011 0011 0011 0011 0012 0012 0012 0012 0012 0012 0012 0013 0013 0013 0013 0013 0013 0013 0013 0014 0014 0014 0014 0014 0014 0014 
0012 0012 0012 0013 0013 0013 0013 0013 0013 0013 0013 0014 0014 0014 0014 0014 0014 0014 0015 0015 0015 0015 0015 0015 0015 0016 0016 0016 
0013 0014 0014 0014 0014 0014 0014 0014 0015 0015 0015 0015 0015 0015 0015 0016 0016 0016 0016 0016 0016 0016 0016 0017 0017 0017 0017 0017 

