0
0
0
0
0
0
0
0
0
0
0
0
0
0
0
0
0
0
0
0
0
0
0
0
0
0
0
0
0
0
0
0
0
0
0
0
0
0
1542
2313
0
0
1799
24415
-30841
10537
-32126
-28014
-12594
-5912
-20304
-9767
-6683
-4113
-9253
-3856
-17477
-15421
-23645
27756
-10024
31611
23644
14392
4626
-31869
17219
3084
0
0
5654
257
0
0
0
0
0
0
0
0
0
0
0
0
0
0
0
0
0
0
0
0
0
0
0
0
0
0
11051
21331
17733
19789
24929
-27500
-16192
-17220
-14136
-5912
-3342
-4884
-1286
-1800
-1286
-7454
-19276
-8482
-10281
-10024
32639
13107
14135
11565
11308
4626
771
2056
1542
1542
514
0
0
0
0
0
0
0
0
0
0
0
0
0
0
0
0
0
0
0
0
0
0
0
0
0
0
0
0
0
0
0
0
0
0
