0
0
0
0
0
0
0
0
0
0
0
0
0
0
0
0
0
0
0
0
0
0
0
0
0
0
0
0
0
0
0
0
0
0
0
0
0
0
0
0
0
0
0
0
0
0
0
0
0
0
0
0
0
0
0
0
0
0
0
0
3084
13621
11565
5140
6168
16448
-23902
-27243
23130
26985
-23902
-772
-772
-14136
-7968
-2571
-772
-772
-772
-772
-258
-515
-515
-515
-2314
-515
-772
-772
-3599
-22103
-515
-772
-772
-15164
21074
-16449
-772
-772
-26215
10537
23901
-16192
-1800
-18505
23130
5654
22873
-10024
-5912
-17734
771
6425
-32383
-23388
-8996
0
0
0
0
-30584
0
0
0
0
7710
0
0
0
0
1028
0
0
0
0
0
0
0
0
0
0
0
0
0
0
0
0
0
0
0
0
0
0
0
0
0
0
0
0
0
0
0
0
0
