0
0
0
0
0
0
0
0
0
0
0
0
0
0
0
0
0
0
0
0
0
0
0
0
0
0
0
0
0
0
0
0
0
0
0
0
0
0
0
0
0
0
0
0
0
0
0
1799
10537
-32126
514
9509
31354
-20304
-9767
12593
-30584
-9510
-3856
-17477
-28528
-9253
-5141
-10024
31611
-6683
-6683
-21846
-31869
17219
-4884
-21589
15163
5654
257
-25701
12850
1285
0
0
9766
771
0
0
0
1542
0
0
0
0
0
0
0
0
0
0
0
0
0
0
19018
17990
18504
17733
19789
-15164
-16963
-15935
-17220
-14136
-1286
-1543
-1543
-1286
-1800
-9253
-8482
-8996
-8482
-10281
12593
13878
12850
14135
11565
1799
2056
1799
2056
1542
0
0
0
0
0
0
0
0
0
0
0
0
0
0
0
0
0
0
0
0
0
0
0
0
0
0
0
0
0
0
0
0
0
