0
0
0
0
0
0
0
0
0
0
0
0
0
0
0
0
0
0
0
0
0
0
0
0
0
0
0
0
0
0
0
0
0
514
1028
0
1542
2313
5140
6939
1799
24415
-30841
-30070
-32383
-28014
-12594
-5912
-5912
-6426
-6683
-4113
-9253
-13108
-10281
-15421
-23645
27756
20560
22359
23644
14392
4626
0
0
3084
0
0
0
0
0
0
0
0
0
0
0
0
0
0
0
0
0
0
0
0
0
0
1542
5397
0
0
0
10280
31097
0
11051
21331
-29813
-11566
24929
-27500
-16192
-7454
-1543
-5912
-3342
-4884
-6169
-8996
-1286
-7454
-19276
-26215
31097
-10024
32639
13107
3341
0
11308
4626
771
257
0
1542
514
0
0
0
0
0
0
0
0
0
0
0
0
0
0
0
0
0
0
0
0
0
0
0
0
0
0
0
0
0
0
0
0
0
0
0
0
