0
0
0
0
0
0
0
0
0
0
0
0
0
0
0
0
0
0
0
0
0
0
0
0
0
0
0
0
0
0
1028
514
1799
1285
257
6939
5140
12593
8738
3084
-32383
31611
-10024
-27757
30326
-6426
-6683
-1800
-5398
-7968
-10281
-8225
-15935
-21846
-9510
22359
23644
19275
25700
-12080
0
0
771
10794
-21332
0
0
0
0
32639
0
0
0
1028
-29042
0
0
1028
7967
-18505
0
1542
10794
-19276
-4113
5397
16448
-18762
-4370
-4884
31097
-14650
-4113
-6683
31354
-11566
-1029
-2314
-12337
16962
-1543
-4627
-22874
30069
9252
-8996
-22874
12079
2570
257
31097
10794
0
0
0
0
0
0
0
0
0
0
0
0
0
0
0
0
0
0
0
0
0
0
0
0
0
0
0
0
0
0
0
0
0
0
0
0
0
0
0
0
0
0
0
0
0
0
0
0
0
0
0
