0
0
0
0
0
0
0
0
0
0
0
0
0
0
0
0
0
0
0
0
0
0
0
0
0
0
0
0
0
0
514
1028
514
1799
1285
5140
6939
5140
12593
8738
-30070
-32383
31611
-10024
-27757
-5912
-6426
-6683
-1800
-5398
-13108
-10281
-8225
-15935
-21846
20560
22359
23644
19275
25700
0
0
0
771
10794
0
0
0
0
0
0
0
0
0
1028
0
0
0
1028
7967
0
0
1542
10794
-19276
1542
5397
16448
-18762
-4370
10280
31097
-14650
-4113
-6683
-29813
-11566
-1029
-2314
-12337
-7454
-1543
-4627
-22874
30069
-6169
-8996
-22874
12079
2570
-26215
31097
10794
0
0
3341
0
0
0
0
257
0
0
0
0
0
0
0
0
0
0
0
0
0
0
0
0
0
0
0
0
0
0
0
0
0
0
0
0
0
0
0
0
0
0
0
0
0
0
0
0
0
0
