0
0
0
0
0
0
0
0
0
0
0
0
0
0
0
0
0
0
0
0
0
0
0
0
0
0
0
0
0
0
0
0
0
0
0
0
0
0
0
0
0
0
0
0
0
0
0
0
0
0
0
0
0
0
0
0
0
0
0
1285
13621
11565
5140
6168
16448
-23902
-27243
23130
26985
-21846
-772
-772
-14136
-7968
-2571
-772
-772
-772
-772
-5398
-515
-515
-515
-2314
-28785
-772
-772
-3599
-22103
16962
-772
-772
-15164
21074
3855
-772
-772
-26215
10537
0
-16192
-1800
-18505
23130
17476
22873
-10024
-5912
-17734
-17734
6425
-32383
-23388
-8996
-2057
0
0
0
-30584
-12080
0
0
0
7710
11308
0
0
0
1028
1542
0
0
0
0
0
0
0
0
0
0
0
0
0
0
0
0
0
0
0
0
0
0
0
0
0
0
0
0
0
0
0
0
0
