0
0
0
0
0
0
0
0
0
0
0
0
0
0
0
0
0
0
0
0
0
0
0
0
0
0
0
0
0
0
0
0
514
1028
514
1542
2313
5140
6939
5140
24415
-30841
-30070
-32383
31611
-12594
-5912
-5912
-6426
-6683
-4113
-9253
-13108
-10281
-8225
-23645
27756
20560
22359
23644
14392
4626
0
0
0
0
0
0
0
0
0
0
0
0
0
0
0
0
0
0
0
0
0
0
1542
0
0
1542
5397
16448
0
0
10280
31097
-14650
11051
21331
-29813
-11566
-1029
-27500
-16192
-7454
-1543
-4627
-3342
-4884
-6169
-8996
-22874
-7454
-19276
-26215
31097
10794
32639
13107
3341
0
0
4626
771
257
0
0
514
0
0
0
0
0
0
0
0
0
0
0
0
0
0
0
0
0
0
0
0
0
0
0
0
0
0
0
0
0
0
0
0
0
0
0
0
0
