0
0
0
0
0
0
0
0
0
0
0
0
0
0
0
0
0
0
0
0
0
0
0
0
0
0
0
0
0
0
0
514
1028
514
1799
2313
5140
6939
5140
12593
-30841
-30070
-32383
31611
-10024
-5912
-5912
-6426
-6683
-1800
-9253
-13108
-10281
-8225
-15935
27756
20560
22359
23644
19275
4626
0
0
0
771
0
0
0
0
0
0
0
0
0
0
0
0
0
0
1028
0
0
0
1542
10794
0
1542
5397
16448
-18762
0
10280
31097
-14650
-4113
21331
-29813
-11566
-1029
-2314
-16192
-7454
-1543
-4627
-22874
-4884
-6169
-8996
-22874
12079
-19276
-26215
31097
10794
0
13107
3341
0
0
0
771
257
0
0
0
0
0
0
0
0
0
0
0
0
0
0
0
0
0
0
0
0
0
0
0
0
0
0
0
0
0
0
0
0
0
0
0
0
0
0
0
0
0
