0
0
0
0
0
0
0
0
0
0
0
0
0
0
0
0
0
0
0
0
0
0
0
0
0
0
0
0
0
0
0
0
0
0
0
0
0
0
0
0
0
0
0
0
0
0
0
0
0
0
0
0
0
0
514
0
0
0
1285
12593
11565
5140
6168
16448
-28528
-27243
23130
26985
-21846
-6683
-772
-14136
-7968
-2571
-4884
-772
-772
-772
-5398
-25701
-515
-515
-2314
-28785
9766
-772
-3599
-22103
16962
1542
-772
-15164
21074
3855
0
-772
-26215
10537
0
0
-1800
-18505
23130
17476
19018
-10024
-5912
-17734
-17734
-15164
-32383
-23388
-8996
-2057
-1286
0
0
-30584
-12080
-9253
0
0
7710
11308
12593
0
0
1028
1542
1799
0
0
0
0
0
0
0
0
0
0
0
0
0
0
0
0
0
0
0
0
0
0
0
0
0
0
0
0
0
0
0
0
0
