0
0
0
0
0
0
0
0
0
0
0
0
0
0
0
0
0
0
0
0
0
0
0
0
0
0
0
0
0
0
0
0
0
0
0
0
0
0
0
0
0
0
0
0
0
0
0
0
0
0
0
0
0
0
0
0
0
0
0
0
257
3084
13621
11565
5140
3341
16448
-23902
-27243
23130
11308
-23902
-772
-772
-14136
19532
-2571
-772
-772
-772
20303
-258
-515
-515
-515
20303
-515
-772
-772
-3599
20303
-515
-772
-772
-15164
14135
-16449
-772
-772
-26215
5654
23901
-16192
-1800
-18505
771
5654
22873
-10024
-5912
0
771
6425
-32383
-23388
0
0
0
0
0
0
0
0
0
0
0
0
0
0
0
0
0
0
0
0
0
0
0
0
0
0
0
0
0
0
0
0
0
0
0
0
0
0
0
0
0
0
0
0
0
0
0
0
