0
0
0
0
0
0
0
0
0
0
0
0
0
0
0
0
0
0
0
0
0
0
0
0
0
0
0
0
0
0
0
0
0
0
0
0
0
0
0
0
0
0
0
0
0
0
0
0
1799
10537
0
514
9509
31354
-20304
1285
12593
-30584
-9510
-3856
16448
-28528
-9253
-5141
-10024
-21846
-6683
-6683
-21846
-31869
-2571
-4884
-21589
15163
5654
-5398
-25701
12850
1285
0
-28785
9766
771
0
0
16962
1542
0
0
0
3855
0
0
0
0
0
0
0
0
0
17476
19018
17990
18504
17733
-17734
-15164
-16963
-15935
-17220
-2057
-1286
-1543
-1543
-1286
-12080
-9253
-8482
-8996
-8482
11308
12593
13878
12850
14135
1542
1799
2056
1799
2056
0
0
0
0
0
0
0
0
0
0
0
0
0
0
0
0
0
0
0
0
0
0
0
0
0
0
0
0
0
0
0
0
0
