0
0
0
0
0
0
0
0
0
0
0
0
0
0
0
0
0
0
0
0
0
0
0
0
0
0
0
0
0
0
0
0
0
0
0
0
0
0
0
0
0
0
0
0
0
0
0
0
0
0
0
0
0
514
9509
0
0
1285
12593
-30584
5140
6168
16448
-28528
-9253
23130
26985
-21846
-6683
-6683
-14136
-7968
-2571
-4884
-21589
-772
-772
-5398
-25701
12850
-515
-2314
-28785
9766
771
-3599
-22103
16962
1542
0
-15164
21074
3855
0
0
-26215
10537
0
0
0
-18505
23130
17476
19018
17990
-5912
-17734
-17734
-15164
-16963
-23388
-8996
-2057
-1286
-1543
0
-30584
-12080
-9253
-8482
0
7710
11308
12593
13878
0
1028
1542
1799
2056
0
0
0
0
0
0
0
0
0
0
0
0
0
0
0
0
0
0
0
0
0
0
0
0
0
0
0
0
0
0
0
0
0
