0
0
0
0
0
0
0
0
0
0
0
0
0
0
0
0
0
0
0
0
0
0
0
0
0
0
0
0
0
0
0
0
0
0
0
0
0
0
0
1542
0
0
0
1799
24415
1799
10537
-32126
-28014
-12594
31354
-20304
-9767
-6683
-4113
-9510
-3856
-17477
-15421
-23645
-5141
-10024
31611
23644
14392
-21846
-31869
17219
3084
0
15163
5654
257
0
0
1285
0
0
0
0
0
0
0
0
0
0
0
0
0
0
0
0
0
0
0
0
0
0
0
11051
18504
17733
19789
24929
-27500
-15935
-17220
-14136
-5912
-3342
-1543
-1286
-1800
-1286
-7454
-8996
-8482
-10281
-10024
32639
12850
14135
11565
11308
4626
1799
2056
1542
1542
514
0
0
0
0
0
0
0
0
0
0
0
0
0
0
0
0
0
0
0
0
0
0
0
0
0
0
0
0
0
0
0
0
0
