0
0
0
0
0
0
0
0
0
0
0
0
0
0
0
0
0
0
0
0
0
0
0
0
0
0
0
0
0
0
257
0
0
0
0
3084
514
0
0
0
30326
8995
0
0
0
-7968
-20818
18504
1285
0
-9510
-11052
25700
2827
0
-12080
-5655
-24930
14392
0
-21332
-4884
-8482
28784
0
32639
-8482
-772
-29042
0
-29042
-7197
-3599
-31869
0
-18505
-4370
-17220
20560
0
-4113
-12594
32125
11308
0
-4884
31354
9766
2056
0
31354
11822
2570
0
0
16962
3598
514
0
0
9252
1542
0
0
0
257
0
0
0
0
0
0
0
0
0
0
0
0
0
0
0
0
0
0
0
0
0
0
0
0
0
0
0
0
0
0
0
0
0
0
0
0
0
0
0
0
0
0
0
0
0
0
0
0
0
0
0
0
0
0
0
0
0
