0
0
0
0
0
0
0
0
0
0
0
0
0
0
0
0
0
0
0
0
0
0
0
0
0
0
0
0
0
0
0
0
0
0
514
0
0
1542
2313
5140
0
1799
24415
-30841
-30070
-32126
-28014
-12594
-5912
-5912
-9767
-6683
-4113
-9253
-13108
-17477
-15421
-23645
27756
20560
31611
23644
14392
4626
0
17219
3084
0
0
0
257
0
0
0
0
0
0
0
0
0
0
0
0
0
0
0
0
0
0
1542
0
0
0
0
10280
0
0
11051
21331
-29813
19789
24929
-27500
-16192
-7454
-14136
-5912
-3342
-4884
-6169
-1800
-1286
-7454
-19276
-26215
-10281
-10024
32639
13107
3341
11565
11308
4626
771
257
1542
1542
514
0
0
0
0
0
0
0
0
0
0
0
0
0
0
0
0
0
0
0
0
0
0
0
0
0
0
0
0
0
0
0
0
0
0
0
