0
0
0
0
0
0
0
0
0
0
0
0
0
0
0
0
0
0
0
0
0
0
0
0
0
0
0
0
0
0
1799
1285
257
0
0
12593
8738
3084
514
0
-10024
-27757
30326
8995
0
-1800
-5398
-7968
-20818
18504
-15935
-21846
-9510
-11052
25700
19275
25700
-12080
-5655
-24930
771
10794
-21332
-4884
-8482
0
0
32639
-8482
-772
0
1028
-29042
-7197
-3599
1028
7967
-18505
-4370
-17220
10794
-19276
-4113
-12594
32125
-18762
-4370
-4884
31354
9766
-4113
-6683
31354
11822
2570
-2314
-12337
16962
3598
514
-22874
30069
9252
1542
0
12079
2570
257
0
0
0
0
0
0
0
0
0
0
0
0
0
0
0
0
0
0
0
0
0
0
0
0
0
0
0
0
0
0
0
0
0
0
0
0
0
0
0
0
0
0
0
0
0
0
0
0
0
0
0
0
0
0
0
