0
0
0
0
0
0
0
0
0
0
0
0
0
0
0
0
0
0
0
0
0
0
0
0
0
0
0
0
0
0
0
0
0
0
0
0
0
0
0
0
0
0
0
0
0
0
0
0
0
1799
0
0
514
9509
31354
0
1285
12593
-30584
-9510
6168
16448
-28528
-9253
-5141
26985
-21846
-6683
-6683
-21846
-7968
-2571
-4884
-21589
15163
-772
-5398
-25701
12850
1285
-2314
-28785
9766
771
0
-22103
16962
1542
0
0
21074
3855
0
0
0
10537
0
0
0
0
23130
17476
19018
17990
18504
-17734
-17734
-15164
-16963
-15935
-8996
-2057
-1286
-1543
-1543
-30584
-12080
-9253
-8482
-8996
7710
11308
12593
13878
12850
1028
1542
1799
2056
1799
0
0
0
0
0
0
0
0
0
0
0
0
0
0
0
0
0
0
0
0
0
0
0
0
0
0
0
0
0
0
0
0
0
