0
0
0
0
0
0
0
0
0
0
0
0
0
0
0
0
0
0
0
0
0
0
0
0
0
0
0
0
0
0
1285
257
0
0
0
8738
3084
514
0
0
-27757
30326
8995
0
0
-5398
-7968
-20818
18504
1285
-21846
-9510
-11052
25700
2827
25700
-12080
-5655
-24930
14392
10794
-21332
-4884
-8482
28784
0
32639
-8482
-772
-29042
1028
-29042
-7197
-3599
-31869
7967
-18505
-4370
-17220
20560
-19276
-4113
-12594
32125
11308
-4370
-4884
31354
9766
2056
-6683
31354
11822
2570
0
-12337
16962
3598
514
0
30069
9252
1542
0
0
2570
257
0
0
0
0
0
0
0
0
0
0
0
0
0
0
0
0
0
0
0
0
0
0
0
0
0
0
0
0
0
0
0
0
0
0
0
0
0
0
0
0
0
0
0
0
0
0
0
0
0
0
0
0
0
0
0
0
