0
0
0
0
0
0
0
0
0
0
0
0
0
0
0
0
0
0
0
0
0
0
0
0
0
0
0
0
0
0
514
1799
1285
257
0
5140
12593
8738
3084
514
31611
-10024
-27757
30326
8995
-6683
-1800
-5398
-7968
-20818
-8225
-15935
-21846
-9510
-11052
23644
19275
25700
-12080
-5655
0
771
10794
-21332
-4884
0
0
0
32639
-8482
0
0
1028
-29042
-7197
0
1028
7967
-18505
-4370
1542
10794
-19276
-4113
-12594
16448
-18762
-4370
-4884
31354
-14650
-4113
-6683
31354
11822
-1029
-2314
-12337
16962
3598
-4627
-22874
30069
9252
1542
-22874
12079
2570
257
0
10794
0
0
0
0
0
0
0
0
0
0
0
0
0
0
0
0
0
0
0
0
0
0
0
0
0
0
0
0
0
0
0
0
0
0
0
0
0
0
0
0
0
0
0
0
0
0
0
0
0
0
0
0
