0
0
0
0
0
0
0
0
0
0
0
0
0
0
0
0
0
0
0
0
0
0
0
0
0
0
0
0
0
0
0
0
0
0
0
0
0
0
0
0
0
0
0
0
1799
0
1799
10537
-32126
-28014
9509
31354
-20304
-9767
-6683
-30584
-9510
-3856
-17477
-15421
-9253
-5141
-10024
31611
23644
-6683
-21846
-31869
17219
3084
-21589
15163
5654
257
0
12850
1285
0
0
0
771
0
0
0
0
0
0
0
0
0
0
0
0
0
0
0
0
0
0
0
17990
18504
17733
19789
24929
-16963
-15935
-17220
-14136
-5912
-1543
-1543
-1286
-1800
-1286
-8482
-8996
-8482
-10281
-10024
13878
12850
14135
11565
11308
2056
1799
2056
1542
1542
0
0
0
0
0
0
0
0
0
0
0
0
0
0
0
0
0
0
0
0
0
0
0
0
0
0
0
0
0
0
0
0
0
