0
0
0
0
0
0
0
0
0
0
0
0
0
0
0
0
0
0
0
0
0
0
0
0
0
0
0
0
0
0
0
0
0
0
0
0
0
0
0
0
0
0
0
0
0
12593
2056
0
0
0
-20818
23130
6682
0
0
-4113
-26472
12593
0
0
-4627
-12594
25957
5140
0
-13622
-2571
-23902
13621
0
-25701
-5912
-17734
19532
0
-31869
-7968
-8225
29041
0
-31869
-7968
-1029
-29556
0
-14393
-1543
-15935
21074
0
-5398
-258
-19790
17476
0
-1543
-1800
-29299
8738
0
-5141
-15935
20817
1028
0
-26215
22873
7196
0
0
5397
1285
0
0
0
0
0
0
0
0
0
0
0
0
0
0
0
0
0
0
0
0
0
0
0
0
0
0
0
0
0
0
0
0
0
0
0
0
0
0
0
0
0
0
0
0
0
0
0
0
0
0
0
0
0
0
0
0
0
0
0
0
0
0
0
0
0
