0
0
0
0
0
0
0
0
0
0
0
0
0
0
0
0
0
0
0
0
0
0
0
0
0
0
0
0
0
0
0
0
0
0
0
0
0
0
0
0
0
0
0
0
0
-25701
-20818
-21075
-24930
12593
25700
-28014
-6683
-5398
-20818
6682
15163
-26215
-4627
-4113
0
2056
13364
-24159
-4627
0
0
1028
14906
-13622
0
0
257
2827
-25701
0
0
0
0
-31869
0
0
0
0
-31869
0
0
514
7967
-14393
19018
19018
20303
-28014
-5398
-16963
-16706
-16192
-6940
-1543
-515
-515
-515
-515
-5141
-16706
-16706
-16706
-16706
-26215
11051
11051
11051
11051
5397
0
0
0
0
0
0
0
0
0
0
0
0
0
0
0
0
0
0
0
0
0
0
0
0
0
0
0
0
0
0
0
0
0
0
0
0
0
0
0
0
0
0
0
0
0
0
0
0
0
0
0
0
0
0
0
0
0
0
0
0
0
0
