0
0
0
0
0
0
0
0
0
0
0
0
0
0
0
0
0
0
0
0
0
0
0
0
0
0
0
0
0
0
2570
0
0
0
0
15163
514
0
0
0
-26729
6939
0
0
0
-15678
17219
0
0
0
-7454
-30841
0
0
0
-3342
-19533
3084
257
0
-2314
-12337
14392
1028
0
-6426
-6426
32125
2056
0
-14650
-3085
-17220
3598
0
-17220
-1029
-7197
8224
771
29041
-515
-2057
-18505
8481
22102
-7711
-515
-3085
32382
8224
30840
-515
-515
-8996
1285
9509
-30841
-8482
-1543
257
1285
6425
30840
-13622
0
0
257
3598
25700
0
0
0
0
0
0
0
0
0
0
0
0
0
0
0
0
0
0
0
0
0
0
0
0
0
0
0
0
0
0
0
0
0
0
0
0
0
0
0
0
0
0
0
0
0
0
0
0
0
0
0
0
0
0
0
0
0
0
0
0
0
0
0
0
0
0
0
