0
0
0
0
0
0
0
0
0
0
0
0
0
0
0
0
0
0
0
0
0
0
0
0
0
0
0
0
0
0
0
0
0
0
0
0
0
0
0
0
0
0
0
0
0
-20818
-21075
-24930
12593
2056
-28014
-6683
-5398
-20818
23130
15163
-26215
-4627
-4113
-26472
2056
13364
-24159
-4627
-12594
0
1028
14906
-13622
-2571
0
257
2827
-25701
-5912
0
0
0
-31869
-7968
0
0
0
-31869
-7968
0
514
7967
-14393
-1543
19018
20303
-28014
-5398
-258
-16706
-16192
-6940
-1543
-1800
-515
-515
-515
-5141
-15935
-16706
-16706
-16706
-26215
22873
11051
11051
11051
5397
1285
0
0
0
0
0
0
0
0
0
0
0
0
0
0
0
0
0
0
0
0
0
0
0
0
0
0
0
0
0
0
0
0
0
0
0
0
0
0
0
0
0
0
0
0
0
0
0
0
0
0
0
0
0
0
0
0
0
0
0
0
0
0
