0
0
0
0
0
0
0
0
0
0
0
0
0
0
0
0
0
0
0
0
0
0
0
0
0
0
0
0
0
0
0
0
0
0
0
0
0
0
0
0
0
0
0
0
0
0
0
0
0
0
0
0
0
0
0
0
0
0
0
0
0
0
0
0
0
0
0
0
0
0
0
0
0
0
0
0
0
0
0
0
0
0
0
0
0
0
0
0
0
0
0
0
0
0
0
0
0
0
0
0
0
0
0
0
0
0
257
0
0
0
0
2570
0
0
0
0
9766
0
0
0
0
9766
0
0
0
0
9766
0
0
0
0
0
0
0
0
0
0
0
0
0
0
0
0
0
0
0
0
0
2570
0
0
0
0
9766
0
0
0
0
9766
0
0
0
0
9766
0
0
0
0
9766
0
0
0
0
9766
0
0
0
0
13621
0
0
0
0
19275
0
0
0
0
20303
0
0
0
0
20046
0
0
0
0
13364
0
0
0
0
0
0
0
0
0
0
0
0
0
0
0
0
0
0
0
0
0
19275
0
0
0
0
20303
0
0
0
0
20046
0
0
0
0
13364
0
0
0
0
10280
0
0
0
0
9509
0
0
0
0
4112
0
0
0
0
0
0
0
0
0
0
0
0
0
0
0
0
0
0
0
0
0
0
0
0
0
0
0
0
0
0
0
0
0
0
0
0
0
0
0
0
0
0
0
0
0
0
0
0
0
0
0
0
0
0
0
0
0
0
0
0
0
0
0
6682
9252
5654
1542
4112
28013
-29299
26728
11822
23644
-8482
-1286
-2057
-20561
-13108
-2314
-8739
-5912
-5912
-6426
-12594
25443
-29556
-7968
-8996
-17477
15163
24672
-13108
0
0
0
0
0
0
0
0
0
0
0
0
0
0
0
0
0
23644
-8482
-1286
-2057
-20561
-13108
-2314
-8739
-5912
-5912
-6426
-12594
25443
-29556
-7968
-8996
-17477
15163
24672
-13108
-14650
-17220
15934
14649
-23131
-16706
-15421
17990
8738
-30327
-14907
-22874
14649
5911
29298
-11052
23387
5140
0
19532
-515
20303
3084
0
17990
-515
20303
3084
0
5397
-18762
10023
514
0
2827
0
0
0
0
0
0
0
0
0
0
0
0
0
0
0
0
0
-11052
23387
5140
0
19532
-515
20303
3084
0
17990
-515
20303
3084
0
5397
-18762
10023
514
0
2827
-23131
7710
0
0
771
26214
4369
0
0
0
16705
2570
0
0
0
27499
4626
0
0
0
-23131
7710
0
0
0
-23131
7710
0
0
0
-23131
7710
0
0
0
0
0
0
0
0
0
0
0
0
0
0
0
0
0
0
0
0
27499
4626
0
0
0
-23131
7710
0
0
0
-23131
7710
0
0
0
-23131
7710
0
0
0
-23131
7710
0
0
0
-24416
7453
0
0
0
20560
3598
0
0
0
2827
257
0
0
0
0
0
0
0
0
0
0
0
0
0
0
0
0
0
0
0
0
0
0
0
0
0
0
0
0
0
0
0
0
0
0
0
0
0
0
0
0
0
0
0
0
0
0
0
0
0
0
0
0
0
0
0
0
0
0
0
0
0
0
0
0
0
0
0
0
0
0
0
0
0
0
0
0
0
0
0
0
0
0
0
0
0
0
0
0
0
0
0
0
0
0
0
0
0
0
0
0
0
0
0
0
0
0
0
0
0
0
0
0
0
0
0
0
0
0
0
0
0
0
0
0
0
0
0
3084
257
0
0
0
14392
1028
0
0
0
32125
2056
0
0
0
-17220
3598
0
0
0
-7197
8224
771
0
0
-2057
-18505
8481
0
0
-515
-3085
32382
8738
514
0
0
0
0
0
0
0
0
0
0
0
0
0
0
0
0
0
-17220
3598
0
0
0
-7197
8224
771
0
0
-2057
-18505
8481
0
0
-515
-3085
32382
8738
514
-515
-515
-8996
-18762
30840
-30841
-8482
-1543
-1286
-9510
6425
30840
-13622
-9510
-7711
257
3598
25700
30583
-31098
0
0
0
0
2313
0
0
0
0
0
0
0
0
0
0
0
0
0
0
0
0
0
0
0
0
0
0
0
0
0
0
0
257
3598
25700
30583
-31098
0
0
0
0
2313
0
0
0
0
0
0
0
0
0
0
0
0
0
0
0
0
0
0
0
0
0
0
0
0
0
0
0
0
0
0
0
0
0
0
0
0
0
0
0
0
0
0
0
0
0
0
0
0
0
0
0
0
0
0
0
0
0
0
0
0
0
0
0
0
0
0
0
0
0
0
0
0
0
0
0
0
0
0
0
0
0
0
0
0
0
0
0
0
0
0
0
0
0
0
0
0
0
0
0
0
0
0
0
0
0
0
0
-20818
-21075
-24930
12593
2056
-28014
-6683
-5398
-20818
23130
0
0
0
0
0
0
0
0
0
0
0
0
0
0
0
0
0
0
0
0
0
0
0
0
0
0
0
-20818
-21075
-24930
12593
2056
-28014
-6683
-5398
-20818
23130
15163
-26215
-4627
-4113
-26472
2056
13364
-24159
-4627
-12594
0
1028
14906
-13622
-2571
0
257
2827
-25701
-5912
0
0
0
-31869
-7968
0
0
0
-31869
-7968
0
514
7967
-14393
-1543
0
0
0
0
0
0
0
0
0
0
0
0
0
0
0
0
0
0
257
2827
-25701
-5912
0
0
0
-31869
-7968
0
0
0
-31869
-7968
0
514
7967
-14393
-1543
19018
20303
-28014
-5398
-258
-16706
-16192
-6940
-1543
-1800
-515
-515
-515
-5141
-15935
-16706
-16706
-16706
-26215
22873
11051
11051
11051
5397
1285
0
0
0
0
0
0
0
0
0
0
0
0
0
0
0
0
0
0
0
0
0
0
0
0
0
0
0
-16706
-16706
-16706
-26215
22873
11051
11051
11051
5397
1285
0
0
0
0
0
0
0
0
0
0
0
0
0
0
0
0
0
0
0
0
0
0
0
0
0
0
0
0
0
0
0
0
0
0
0
0
0
0
0
0
0
0
0
0
0
0
0
0
0
0
0
0
0
0
0
0
0
0
0
0
0
0
