0
0
0
0
0
0
0
0
0
0
0
0
0
0
0
0
0
0
0
0
0
0
0
0
0
0
0
0
0
0
0
0
0
0
0
0
0
0
0
0
0
0
0
0
0
16448
-25701
-20818
-21075
-24930
9766
25700
-28014
-6683
-5398
2313
6682
15163
-26215
-4627
0
0
2056
13364
-24159
0
0
0
1028
14906
0
0
0
257
2827
0
0
0
0
0
0
0
0
0
0
0
0
0
514
7967
20303
19018
19018
20303
-28014
-15935
-16963
-16706
-16192
-6940
-3856
-515
-515
-515
-515
-23131
-16706
-16706
-16706
-16706
7196
11051
11051
11051
11051
0
0
0
0
0
0
0
0
0
0
0
0
0
0
0
0
0
0
0
0
0
0
0
0
0
0
0
0
0
0
0
0
0
0
0
0
0
0
0
0
0
0
0
0
0
0
0
0
0
0
0
0
0
0
0
0
0
0
0
0
0
0
