0
0
0
0
0
0
0
0
0
0
0
0
0
0
0
0
0
0
0
0
0
0
0
0
0
0
0
0
0
0
0
0
0
257
4112
0
0
0
2056
23644
0
0
1799
12336
-13108
0
0
3341
20046
-6426
0
0
1028
9252
-8996
0
0
0
0
0
0
0
0
0
0
0
0
0
0
0
0
0
0
0
0
2056
23644
0
0
1799
12336
-13108
0
0
3341
20046
-6426
0
0
1028
9252
-8996
0
0
0
3341
-14650
0
0
1542
11051
-16706
0
257
6168
30069
-14907
0
2570
16705
-12851
-11052
0
9766
-28014
-515
-515
0
9766
-28014
-515
-515
0
9766
-28014
-1543
-18762
0
0
0
0
0
0
0
0
0
0
0
0
0
0
0
0
0
0
2570
16705
-12851
-11052
0
9766
-28014
-515
-515
0
9766
-28014
-515
-515
0
9766
-28014
-1543
-18762
0
9766
-28014
-2057
-23131
0
9766
-28014
-3085
26214
0
13621
-17734
-3856
16705
0
19275
-3342
-3085
27499
0
20303
-258
-2057
-23131
0
20046
-1543
-2057
-23131
0
13364
-18248
-2057
-23131
0
0
0
0
0
0
0
0
0
0
0
0
0
0
0
0
0
0
19275
-3342
-3085
27499
0
20303
-258
-2057
-23131
0
20046
-1543
-2057
-23131
0
13364
-18248
-2057
-23131
0
10280
-26472
-2057
-23131
0
9509
-29042
-2057
-24416
0
4112
19018
-22360
20560
0
0
3084
15420
2827
0
0
0
0
0
0
0
0
0
0
0
0
0
0
0
0
0
0
0
0
0
0
0
0
0
0
0
0
0
0
0
0
0
0
0
0
0
0
0
0
0
0
0
0
0
0
0
0
0
0
0
0
0
0
0
0
0
5654
1542
0
0
0
26728
11822
2570
0
0
-2057
-20561
15163
514
0
-5912
-5912
-26729
6939
0
-29556
-7968
-15678
17219
0
24672
-13108
-7454
-30841
0
0
0
0
0
0
0
0
0
0
0
0
0
0
0
0
0
0
-2057
-20561
15163
514
0
-5912
-5912
-26729
6939
0
-29556
-7968
-15678
17219
0
24672
-13108
-7454
-30841
0
14649
-23131
-3342
-19533
3084
8738
-30327
-2314
-12337
14392
5911
29298
-6426
-6426
32125
0
19532
-14650
-3085
-17220
0
17990
-17220
-1029
-7197
0
5397
29041
-515
-2057
0
2827
22102
-7711
-515
0
0
0
0
0
0
0
0
0
0
0
0
0
0
0
0
0
0
19532
-14650
-3085
-17220
0
17990
-17220
-1029
-7197
0
5397
29041
-515
-2057
0
2827
22102
-7711
-515
0
771
8224
30840
-515
0
0
1285
9509
-30841
0
0
257
1285
6425
0
0
0
0
257
0
0
0
0
0
0
0
0
0
0
0
0
0
0
0
0
0
0
0
0
0
0
0
0
0
0
0
0
0
0
0
0
0
0
0
0
257
0
0
0
0
0
0
0
0
0
0
0
0
0
0
0
0
0
0
0
0
0
0
0
0
0
0
0
0
0
0
0
0
0
0
0
0
0
0
0
0
0
0
0
0
0
0
0
0
0
0
0
0
0
0
0
0
0
0
0
0
0
0
0
0
0
0
0
0
0
0
0
0
0
0
0
0
0
0
0
0
0
0
0
0
0
0
0
0
0
0
0
0
0
0
0
0
0
0
0
0
0
0
0
0
0
0
0
0
0
0
0
0
0
0
16448
-25701
-20818
0
0
9766
25700
-28014
0
0
0
0
0
0
0
0
0
0
0
0
0
0
0
0
0
0
0
0
0
0
0
0
0
0
0
0
0
16448
-25701
-20818
0
0
9766
25700
-28014
0
0
2313
6682
15163
0
0
0
0
2056
0
0
0
0
0
0
0
0
0
0
0
0
0
0
0
0
0
0
0
0
8738
514
0
0
0
0
0
0
0
0
0
0
0
0
0
0
0
0
0
0
0
0
0
0
0
0
0
0
0
0
0
0
0
0
0
0
0
8738
514
0
0
0
-18762
30840
20303
19018
19018
-1286
-9510
-15935
-16963
-16706
-9510
-7711
-3856
-515
-515
30583
-31098
-23131
-16706
-16706
0
2313
7196
11051
11051
0
0
0
0
0
0
0
0
0
0
0
0
0
0
0
0
0
0
0
0
0
0
0
0
0
0
0
30583
-31098
-23131
-16706
-16706
0
2313
7196
11051
11051
0
0
0
0
0
0
0
0
0
0
0
0
0
0
0
0
0
0
0
0
0
0
0
0
0
0
0
0
0
0
0
0
0
0
0
0
0
0
0
0
0
0
0
0
0
0
0
0
0
0
0
0
0
0
0
0
0
0
0
0
0
0
0
0
0
0
0
0
0
0
0
0
0
0
0
0
0
0
0
0
0
0
0
0
0
0
0
0
0
0
0
0
0
0
0
0
0
0
0
0
0
0
0
0
0
0
0
12593
2056
0
0
0
-20818
23130
6682
0
0
0
0
0
0
0
0
0
0
0
0
0
0
0
0
0
0
0
0
0
0
0
0
0
0
0
0
0
12593
2056
0
0
0
-20818
23130
6682
0
0
-4113
-26472
12593
0
0
-4627
-12594
25957
5140
0
-13622
-2571
-23902
13621
0
-25701
-5912
-17734
19532
0
-31869
-7968
-8225
29041
0
-31869
-7968
-1029
-29556
0
-14393
-1543
-15935
21074
0
0
0
0
0
0
0
0
0
0
0
0
0
0
0
0
0
0
-25701
-5912
-17734
19532
0
-31869
-7968
-8225
29041
0
-31869
-7968
-1029
-29556
0
-14393
-1543
-15935
21074
0
-5398
-258
-19790
17476
0
-1543
-1800
-29299
8738
0
-5141
-15935
20817
1028
0
-26215
22873
7196
0
0
5397
1285
0
0
0
0
0
0
0
0
0
0
0
0
0
0
0
0
0
0
0
0
0
0
0
0
0
0
0
0
0
0
-26215
22873
7196
0
0
5397
1285
0
0
0
0
0
0
0
0
0
0
0
0
0
0
0
0
0
0
0
0
0
0
0
0
0
0
0
0
0
0
0
0
0
0
0
0
0
0
0
0
0
0
0
0
0
0
0
0
0
0
0
0
0
0
0
0
0
0
0
0
0
0
0
0
0
