0
0
0
0
0
0
0
0
0
0
0
0
0
0
0
0
0
0
0
0
0
0
0
0
0
0
0
0
0
0
0
0
0
0
0
514
0
0
0
0
6939
0
0
0
0
17219
0
0
0
0
-30841
0
0
0
0
-19533
3084
257
0
0
-12337
14392
1028
0
0
-6426
32125
2056
0
0
-3085
-17220
3598
0
0
-1029
-7197
8224
771
0
-515
-2057
-18505
8481
0
-7711
-515
-3085
32382
8738
30840
-515
-515
-8996
-18762
9509
-30841
-8482
-1543
-1286
1285
6425
30840
-13622
-9510
0
257
3598
25700
30583
0
0
0
0
0
0
0
0
0
0
0
0
0
0
0
0
0
0
0
0
0
0
0
0
0
0
0
0
0
0
0
0
0
0
0
0
0
0
0
0
0
0
0
0
0
0
0
0
0
0
0
0
0
0
0
0
0
0
0
0
0
0
0
0
0
0
0
