0
0
0
0
0
0
0
0
0
0
0
0
0
0
0
0
0
0
0
0
0
0
0
0
0
1542
0
0
0
0
11822
2570
0
0
0
-20561
15163
514
0
0
-5912
-26729
6939
0
0
-7968
-15678
17219
0
0
-13108
-7454
-30841
0
0
-23131
-3342
-19533
3084
257
-30327
-2314
-12337
14392
1028
29298
-6426
-6426
32125
2056
19532
-14650
-3085
-17220
3598
17990
-17220
-1029
-7197
8224
5397
29041
-515
-2057
-18505
2827
22102
-7711
-515
-3085
771
8224
30840
-515
-515
0
1285
9509
-30841
-8482
0
257
1285
6425
30840
0
0
0
257
3598
0
0
0
0
0
0
0
0
0
0
0
0
0
0
0
0
0
0
0
0
0
0
0
0
0
0
0
0
0
0
0
0
0
0
0
0
0
0
0
0
0
0
0
0
0
0
0
0
0
0
0
0
0
0
0
0
0
0
0
0
0
0
0
0
0
0
0
