0
0
0
0
0
0
0
0
0
0
0
0
0
0
0
0
0
0
0
0
0
0
0
0
0
0
0
0
0
0
0
0
0
0
0
0
0
0
0
0
0
0
0
0
0
0
0
0
0
0
0
0
0
0
0
0
0
0
0
0
0
0
0
0
0
0
0
0
0
0
0
0
0
0
0
0
0
0
0
0
0
0
0
0
0
0
0
0
0
0
0
0
0
0
0
0
0
0
0
0
0
0
0
0
0
0
0
0
0
0
0
0
0
0
0
0
0
0
0
0
0
0
0
0
0
0
0
0
0
0
0
0
0
0
0
0
0
0
0
0
0
0
0
0
0
0
0
0
0
0
0
0
0
0
0
0
0
0
0
0
0
0
0
0
0
0
0
0
0
0
0
0
0
0
0
0
0
0
0
0
0
0
0
0
0
0
0
0
0
0
0
0
0
0
0
0
0
0
0
0
0
0
0
0
0
0
0
0
0
0
0
0
0
0
0
0
0
0
0
0
0
0
0
0
0
0
0
0
0
0
0
0
0
0
0
0
0
0
0
0
0
0
0
0
0
0
0
0
0
0
0
0
0
0
0
0
0
0
0
0
0
0
0
0
0
0
0
0
0
0
0
0
0
0
0
0
0
0
0
0
0
0
0
0
0
0
0
0
0
0
0
0
0
0
0
0
0
0
0
0
0
0
0
0
0
0
0
0
0
0
0
0
0
0
0
6682
9252
5654
257
4112
28013
-29299
26728
2056
23644
-8482
-1286
-2057
12336
-13108
-2314
-8739
-5912
20046
-6426
-12594
25443
-29556
9252
-8996
-17477
15163
24672
0
0
0
0
0
0
0
0
0
0
0
0
0
0
0
0
0
2056
23644
-8482
-1286
-2057
12336
-13108
-2314
-8739
-5912
20046
-6426
-12594
25443
-29556
9252
-8996
-17477
15163
24672
3341
-14650
-17220
15934
14649
11051
-16706
-15421
17990
8738
30069
-14907
-22874
14649
5911
-12851
-11052
23387
5140
0
-515
-515
20303
3084
0
-515
-515
20303
3084
0
-1543
-18762
10023
514
0
0
0
0
0
0
0
0
0
0
0
0
0
0
0
0
0
0
-12851
-11052
23387
5140
0
-515
-515
20303
3084
0
-515
-515
20303
3084
0
-1543
-18762
10023
514
0
-2057
-23131
7710
0
0
-3085
26214
4369
0
0
-3856
16705
2570
0
0
-3085
27499
4626
0
0
-2057
-23131
7710
0
0
-2057
-23131
7710
0
0
-2057
-23131
7710
0
0
0
0
0
0
0
0
0
0
0
0
0
0
0
0
0
0
0
-3085
27499
4626
0
0
-2057
-23131
7710
0
0
-2057
-23131
7710
0
0
-2057
-23131
7710
0
0
-2057
-23131
7710
0
0
-2057
-24416
7453
0
0
-22360
20560
3598
0
0
15420
2827
257
0
0
0
0
0
0
0
0
0
0
0
0
0
0
0
0
0
0
0
0
0
0
0
0
0
0
0
0
0
0
0
0
0
0
0
0
0
0
0
0
0
0
0
0
0
0
0
0
0
0
0
0
0
0
0
0
0
0
0
0
0
0
0
0
0
0
0
0
0
514
0
0
0
0
6939
0
0
0
0
17219
0
0
0
0
-30841
0
0
0
0
0
0
0
0
0
0
0
0
0
0
0
0
0
0
0
0
0
514
0
0
0
0
6939
0
0
0
0
17219
0
0
0
0
-30841
0
0
0
0
-19533
3084
257
0
0
-12337
14392
1028
0
0
-6426
32125
2056
0
0
-3085
-17220
3598
0
0
-1029
-7197
8224
771
0
-515
-2057
-18505
8481
0
-7711
-515
-3085
32382
8738
0
0
0
0
0
0
0
0
0
0
0
0
0
0
0
0
0
-3085
-17220
3598
0
0
-1029
-7197
8224
771
0
-515
-2057
-18505
8481
0
-7711
-515
-3085
32382
8738
30840
-515
-515
-8996
-18762
9509
-30841
-8482
-1543
-1286
1285
6425
30840
-13622
-9510
0
257
3598
25700
30583
0
0
0
0
0
0
0
0
0
0
0
0
0
0
0
0
0
0
0
0
0
0
0
0
0
0
0
0
0
0
0
0
0
257
3598
25700
30583
0
0
0
0
0
0
0
0
0
0
0
0
0
0
0
0
0
0
0
0
0
0
0
0
0
0
0
0
0
0
0
0
0
0
0
0
0
0
0
0
0
0
0
0
0
0
0
0
0
0
0
0
0
0
0
0
0
0
0
0
0
0
0
0
0
0
0
0
0
0
0
0
0
0
0
0
0
0
0
0
0
0
0
0
0
0
0
0
0
0
0
0
0
0
0
0
0
0
0
0
0
0
0
0
0
0
0
0
0
0
0
0
-25701
-20818
-21075
-24930
12593
25700
-28014
-6683
-5398
-20818
0
0
0
0
0
0
0
0
0
0
0
0
0
0
0
0
0
0
0
0
0
0
0
0
0
0
0
-25701
-20818
-21075
-24930
12593
25700
-28014
-6683
-5398
-20818
6682
15163
-26215
-4627
-4113
0
2056
13364
-24159
-4627
0
0
1028
14906
-13622
0
0
257
2827
-25701
0
0
0
0
-31869
0
0
0
0
-31869
0
0
514
7967
-14393
0
0
0
0
0
0
0
0
0
0
0
0
0
0
0
0
0
0
0
257
2827
-25701
0
0
0
0
-31869
0
0
0
0
-31869
0
0
514
7967
-14393
19018
19018
20303
-28014
-5398
-16963
-16706
-16192
-6940
-1543
-515
-515
-515
-515
-5141
-16706
-16706
-16706
-16706
-26215
11051
11051
11051
11051
5397
0
0
0
0
0
0
0
0
0
0
0
0
0
0
0
0
0
0
0
0
0
0
0
0
0
0
0
-16706
-16706
-16706
-16706
-26215
11051
11051
11051
11051
5397
0
0
0
0
0
0
0
0
0
0
0
0
0
0
0
0
0
0
0
0
0
0
0
0
0
0
0
0
0
0
0
0
0
0
0
0
0
0
0
0
0
0
0
0
0
0
0
0
0
0
0
0
0
0
0
0
0
0
0
0
0
0
