0
0
0
0
0
0
0
0
0
0
0
0
0
0
0
0
0
0
0
0
0
0
0
0
0
6682
9252
5654
1542
0
28013
-29299
26728
11822
2570
-8482
-1286
-2057
-20561
15163
-2314
-8739
-5912
-5912
-26729
-12594
25443
-29556
-7968
-15678
-17477
15163
24672
-13108
-7454
-17220
15934
14649
-23131
-3342
-15421
17990
8738
-30327
-2314
-22874
14649
5911
29298
-6426
23387
5140
0
19532
-14650
20303
3084
0
17990
-17220
20303
3084
0
5397
29041
10023
514
0
2827
22102
7710
0
0
771
8224
4369
0
0
0
1285
2570
0
0
0
257
4626
0
0
0
0
7710
0
0
0
0
7710
0
0
0
0
7710
0
0
0
0
7710
0
0
0
0
7453
0
0
0
0
3598
0
0
0
0
257
0
0
0
0
0
0
0
0
0
0
0
0
0
0
0
0
0
0
0
0
0
0
0
0
0
0
0
0
0
0
0
0
0
0
0
0
