0
0
0
0
0
0
0
0
0
0
0
0
0
0
0
0
0
0
0
0
0
0
0
0
0
9252
5654
1542
0
0
-29299
26728
11822
2570
0
-1286
-2057
-20561
15163
514
-8739
-5912
-5912
-26729
6939
25443
-29556
-7968
-15678
17219
15163
24672
-13108
-7454
-30841
15934
14649
-23131
-3342
-19533
17990
8738
-30327
-2314
-12337
14649
5911
29298
-6426
-6426
5140
0
19532
-14650
-3085
3084
0
17990
-17220
-1029
3084
0
5397
29041
-515
514
0
2827
22102
-7711
0
0
771
8224
30840
0
0
0
1285
9509
0
0
0
257
1285
0
0
0
0
0
0
0
0
0
0
0
0
0
0
0
0
0
0
0
0
0
0
0
0
0
0
0
0
0
0
0
0
0
0
0
0
0
0
0
0
0
0
0
0
0
0
0
0
0
0
0
0
0
0
0
0
0
0
0
0
0
0
0
0
0
0
0
0
0
0
0
0
