0
0
0
0
0
0
0
0
0
0
0
0
0
0
0
0
0
0
0
0
0
0
0
0
0
0
0
0
0
0
0
0
0
0
257
0
0
0
0
2056
0
0
0
1799
12336
0
0
0
3341
20046
0
0
0
1028
9252
0
0
0
0
0
0
0
0
0
0
0
0
0
0
0
0
0
0
0
0
0
2056
0
0
0
1799
12336
0
0
0
3341
20046
0
0
0
1028
9252
0
0
0
0
3341
0
0
0
1542
11051
0
0
257
6168
30069
0
0
2570
16705
-12851
0
0
9766
-28014
-515
0
0
9766
-28014
-515
0
0
9766
-28014
-1543
0
0
0
0
0
0
0
0
0
0
0
0
0
0
0
0
0
0
0
2570
16705
-12851
0
0
9766
-28014
-515
0
0
9766
-28014
-515
0
0
9766
-28014
-1543
0
0
9766
-28014
-2057
0
0
9766
-28014
-3085
0
0
13621
-17734
-3856
0
0
19275
-3342
-3085
0
0
20303
-258
-2057
0
0
20046
-1543
-2057
0
0
13364
-18248
-2057
0
0
0
0
0
0
0
0
0
0
0
0
0
0
0
0
0
0
0
19275
-3342
-3085
0
0
20303
-258
-2057
0
0
20046
-1543
-2057
0
0
13364
-18248
-2057
0
0
10280
-26472
-2057
0
0
9509
-29042
-2057
0
0
4112
19018
-22360
0
0
0
3084
15420
0
0
0
0
0
0
0
0
0
0
0
0
0
0
0
0
0
0
0
0
0
0
0
0
0
0
0
0
0
0
0
0
0
0
0
0
0
0
0
0
0
0
0
0
0
0
0
0
0
0
0
0
0
0
0
0
0
9252
5654
1542
0
0
-29299
26728
11822
2570
0
-1286
-2057
-20561
15163
514
-8739
-5912
-5912
-26729
6939
25443
-29556
-7968
-15678
17219
15163
24672
-13108
-7454
-30841
0
0
0
0
0
0
0
0
0
0
0
0
0
0
0
0
0
-1286
-2057
-20561
15163
514
-8739
-5912
-5912
-26729
6939
25443
-29556
-7968
-15678
17219
15163
24672
-13108
-7454
-30841
15934
14649
-23131
-3342
-19533
17990
8738
-30327
-2314
-12337
14649
5911
29298
-6426
-6426
5140
0
19532
-14650
-3085
3084
0
17990
-17220
-1029
3084
0
5397
29041
-515
514
0
2827
22102
-7711
0
0
0
0
0
0
0
0
0
0
0
0
0
0
0
0
0
5140
0
19532
-14650
-3085
3084
0
17990
-17220
-1029
3084
0
5397
29041
-515
514
0
2827
22102
-7711
0
0
771
8224
30840
0
0
0
1285
9509
0
0
0
257
1285
0
0
0
0
0
0
0
0
0
0
0
0
0
0
0
0
0
0
0
0
0
0
0
0
0
0
0
0
0
0
0
0
0
0
0
0
0
0
0
0
0
0
0
0
0
0
0
0
0
0
0
0
0
0
0
0
0
0
0
0
0
0
0
0
0
0
0
0
0
0
0
0
0
0
0
0
0
0
0
0
0
0
0
0
0
0
0
0
0
0
0
0
0
0
0
0
0
0
0
0
0
0
0
0
0
0
0
0
0
0
0
0
0
0
0
0
0
0
0
0
0
0
0
0
0
0
0
0
0
0
0
0
0
0
0
0
0
0
0
0
0
0
0
0
0
0
0
0
0
0
0
0
0
0
0
0
0
16448
-25701
0
0
0
9766
25700
0
0
0
0
0
0
0
0
0
0
0
0
0
0
0
0
0
0
0
0
0
0
0
0
0
0
0
0
0
0
16448
-25701
0
0
0
9766
25700
0
0
0
2313
6682
0
0
0
0
0
0
0
0
0
0
0
0
0
0
0
771
0
0
0
0
8481
0
0
0
0
32382
8738
514
0
0
0
0
0
0
0
0
0
0
0
0
0
0
0
0
0
0
0
0
0
0
0
0
771
0
0
0
0
8481
0
0
0
0
32382
8738
514
0
0
-8996
-18762
30840
20303
19018
-1543
-1286
-9510
-15935
-16963
-13622
-9510
-7711
-3856
-515
25700
30583
-31098
-23131
-16706
0
0
2313
7196
11051
0
0
0
0
0
0
0
0
0
0
0
0
0
0
0
0
0
0
0
0
0
0
0
0
0
0
0
25700
30583
-31098
-23131
-16706
0
0
2313
7196
11051
0
0
0
0
0
0
0
0
0
0
0
0
0
0
0
0
0
0
0
0
0
0
0
0
0
0
0
0
0
0
0
0
0
0
0
0
0
0
0
0
0
0
0
0
0
0
0
0
0
0
0
0
0
0
0
0
0
0
0
0
0
0
0
0
0
0
0
0
0
0
0
0
0
0
0
0
0
0
0
0
0
0
0
0
0
0
0
0
0
0
0
0
0
0
0
0
0
0
0
0
0
0
0
0
0
0
0
-24930
12593
2056
0
0
-5398
-20818
23130
6682
0
0
0
0
0
0
0
0
0
0
0
0
0
0
0
0
0
0
0
0
0
0
0
0
0
0
0
0
-24930
12593
2056
0
0
-5398
-20818
23130
6682
0
-4627
-4113
-26472
12593
0
-24159
-4627
-12594
25957
5140
14906
-13622
-2571
-23902
13621
2827
-25701
-5912
-17734
19532
0
-31869
-7968
-8225
29041
0
-31869
-7968
-1029
-29556
7967
-14393
-1543
-15935
21074
0
0
0
0
0
0
0
0
0
0
0
0
0
0
0
0
0
2827
-25701
-5912
-17734
19532
0
-31869
-7968
-8225
29041
0
-31869
-7968
-1029
-29556
7967
-14393
-1543
-15935
21074
-28014
-5398
-258
-19790
17476
-6940
-1543
-1800
-29299
8738
-515
-5141
-15935
20817
1028
-16706
-26215
22873
7196
0
11051
5397
1285
0
0
0
0
0
0
0
0
0
0
0
0
0
0
0
0
0
0
0
0
0
0
0
0
0
0
0
0
0
-16706
-26215
22873
7196
0
11051
5397
1285
0
0
0
0
0
0
0
0
0
0
0
0
0
0
0
0
0
0
0
0
0
0
0
0
0
0
0
0
0
0
0
0
0
0
0
0
0
0
0
0
0
0
0
0
0
0
0
0
0
0
0
0
0
0
0
0
0
0
0
0
0
0
0
0
