0
0
0
0
0
0
0
0
0
0
0
0
0
0
0
0
0
0
0
0
0
0
0
0
0
5654
1542
0
0
0
26728
11822
2570
0
0
-2057
-20561
15163
514
0
-5912
-5912
-26729
6939
0
-29556
-7968
-15678
17219
0
24672
-13108
-7454
-30841
0
14649
-23131
-3342
-19533
3084
8738
-30327
-2314
-12337
14392
5911
29298
-6426
-6426
32125
0
19532
-14650
-3085
-17220
0
17990
-17220
-1029
-7197
0
5397
29041
-515
-2057
0
2827
22102
-7711
-515
0
771
8224
30840
-515
0
0
1285
9509
-30841
0
0
257
1285
6425
0
0
0
0
257
0
0
0
0
0
0
0
0
0
0
0
0
0
0
0
0
0
0
0
0
0
0
0
0
0
0
0
0
0
0
0
0
0
0
0
0
0
0
0
0
0
0
0
0
0
0
0
0
0
0
0
0
0
0
0
0
0
0
0
0
0
0
0
0
0
0
0
