0
0
0
0
0
0
0
0
0
0
0
0
0
0
0
0
0
0
0
0
0
0
0
0
0
0
6682
9252
5654
1542
4112
28013
-29299
26728
11822
23644
-8482
-1286
-2057
-20561
-13108
-2314
-8739
-5912
-5912
-6426
-12594
25443
-29556
-7968
-8996
-17477
15163
24672
-13108
-14650
-17220
15934
14649
-23131
-16706
-15421
17990
8738
-30327
-14907
-22874
14649
5911
29298
-11052
23387
5140
0
19532
-515
20303
3084
0
17990
-515
20303
3084
0
5397
-18762
10023
514
0
2827
-23131
7710
0
0
771
26214
4369
0
0
0
16705
2570
0
0
0
27499
4626
0
0
0
-23131
7710
0
0
0
-23131
7710
0
0
0
-23131
7710
0
0
0
-23131
7710
0
0
0
-24416
7453
0
0
0
20560
3598
0
0
0
2827
257
0
0
0
0
0
0
0
0
0
0
0
0
0
0
0
0
0
0
0
0
0
0
0
0
0
0
0
0
0
0
0
0
0
0
0
