0
0
0
0
0
0
0
0
0
0
0
0
0
0
0
0
0
0
0
0
0
0
0
0
0
0
0
0
0
0
0
0
0
0
0
0
0
0
0
0
0
0
0
0
0
-21075
-24930
12593
2056
0
-6683
-5398
-20818
23130
6682
-26215
-4627
-4113
-26472
12593
13364
-24159
-4627
-12594
25957
1028
14906
-13622
-2571
-23902
257
2827
-25701
-5912
-17734
0
0
-31869
-7968
-8225
0
0
-31869
-7968
-1029
514
7967
-14393
-1543
-15935
20303
-28014
-5398
-258
-19790
-16192
-6940
-1543
-1800
-29299
-515
-515
-5141
-15935
20817
-16706
-16706
-26215
22873
7196
11051
11051
5397
1285
0
0
0
0
0
0
0
0
0
0
0
0
0
0
0
0
0
0
0
0
0
0
0
0
0
0
0
0
0
0
0
0
0
0
0
0
0
0
0
0
0
0
0
0
0
0
0
0
0
0
0
0
0
0
0
0
0
0
0
0
0
0
0
