0
0
0
0
0
0
0
0
0
0
0
0
0
0
0
0
0
0
0
0
0
0
0
0
0
0
0
0
0
0
0
0
0
0
0
0
0
0
0
0
0
0
0
0
1799
0
0
0
0
3341
0
0
0
0
1028
0
0
0
0
0
0
0
0
0
0
0
0
0
0
0
0
0
0
0
0
0
0
0
0
0
0
1799
0
0
0
0
3341
0
0
0
0
1028
0
0
0
0
0
0
0
0
0
1542
0
0
0
257
6168
0
0
0
2570
16705
0
0
0
9766
-28014
0
0
0
9766
-28014
0
0
0
9766
-28014
0
0
0
0
0
0
0
0
0
0
0
0
0
0
0
0
0
0
0
0
2570
16705
0
0
0
9766
-28014
0
0
0
9766
-28014
0
0
0
9766
-28014
0
0
0
9766
-28014
0
0
0
9766
-28014
0
0
0
13621
-17734
0
0
0
19275
-3342
0
0
0
20303
-258
0
0
0
20046
-1543
0
0
0
13364
-18248
0
0
0
0
0
0
0
0
0
0
0
0
0
0
0
0
0
0
0
0
19275
-3342
0
0
0
20303
-258
0
0
0
20046
-1543
0
0
0
13364
-18248
0
0
0
10280
-26472
0
0
0
9509
-29042
0
0
0
4112
19018
0
0
0
0
3084
0
0
0
0
0
0
0
0
0
0
0
0
0
0
0
0
0
0
0
0
0
0
0
0
0
0
0
0
0
0
0
0
0
0
0
0
0
0
0
0
0
0
0
0
0
0
0
0
0
0
0
0
0
0
0
0
0
6682
9252
5654
1542
0
28013
-29299
26728
11822
2570
-8482
-1286
-2057
-20561
15163
-2314
-8739
-5912
-5912
-26729
-12594
25443
-29556
-7968
-15678
-17477
15163
24672
-13108
-7454
0
0
0
0
0
0
0
0
0
0
0
0
0
0
0
0
0
-8482
-1286
-2057
-20561
15163
-2314
-8739
-5912
-5912
-26729
-12594
25443
-29556
-7968
-15678
-17477
15163
24672
-13108
-7454
-17220
15934
14649
-23131
-3342
-15421
17990
8738
-30327
-2314
-22874
14649
5911
29298
-6426
23387
5140
0
19532
-14650
20303
3084
0
17990
-17220
20303
3084
0
5397
29041
10023
514
0
2827
22102
0
0
0
0
0
0
0
0
0
0
0
0
0
0
0
0
0
23387
5140
0
19532
-14650
20303
3084
0
17990
-17220
20303
3084
0
5397
29041
10023
514
0
2827
22102
7710
0
0
771
8224
4369
0
0
0
1285
2570
0
0
0
257
4626
0
0
0
0
7710
0
0
0
0
7710
0
0
0
0
7710
0
0
0
0
0
0
0
0
0
0
0
0
0
0
0
0
0
0
0
0
0
4626
0
0
0
0
7710
0
0
0
0
7710
0
0
0
0
7710
0
0
0
0
7710
0
0
0
0
7453
0
0
0
0
3598
0
0
0
0
257
0
0
0
0
0
0
0
0
0
0
0
0
0
0
0
0
0
0
0
0
0
0
0
0
0
0
0
0
0
0
0
0
0
0
0
0
0
0
0
0
0
0
0
0
0
0
0
0
0
0
0
0
0
0
0
0
0
0
0
0
0
0
0
0
0
0
0
0
0
0
0
0
0
0
0
0
0
0
0
0
0
0
0
0
0
16448
0
0
0
0
9766
0
0
0
0
0
0
0
0
0
0
0
0
0
0
0
0
0
0
0
0
0
0
0
0
0
0
0
0
0
0
0
16448
0
0
0
0
9766
257
0
0
0
2313
1028
0
0
0
0
2056
0
0
0
0
3598
0
0
0
0
8224
771
0
0
0
-18505
8481
0
0
0
-3085
32382
8738
514
0
0
0
0
0
0
0
0
0
0
0
0
0
0
0
0
0
0
3598
0
0
0
0
8224
771
0
0
0
-18505
8481
0
0
0
-3085
32382
8738
514
0
-515
-8996
-18762
30840
20303
-8482
-1543
-1286
-9510
-15935
30840
-13622
-9510
-7711
-3856
3598
25700
30583
-31098
-23131
0
0
0
2313
7196
0
0
0
0
0
0
0
0
0
0
0
0
0
0
0
0
0
0
0
0
0
0
0
0
0
0
0
3598
25700
30583
-31098
-23131
0
0
0
2313
7196
0
0
0
0
0
0
0
0
0
0
0
0
0
0
0
0
0
0
0
0
0
0
0
0
0
0
0
0
0
0
0
0
0
0
0
0
0
0
0
0
0
0
0
0
0
0
0
0
0
0
0
0
0
0
0
0
0
0
0
0
0
0
0
0
0
0
0
0
0
0
0
0
0
0
0
0
0
0
0
0
0
0
0
0
0
0
0
0
0
0
0
0
0
0
0
0
0
0
0
0
0
0
0
0
0
0
0
-21075
-24930
12593
2056
0
-6683
-5398
-20818
23130
6682
0
0
0
0
0
0
0
0
0
0
0
0
0
0
0
0
0
0
0
0
0
0
0
0
0
0
0
-21075
-24930
12593
2056
0
-6683
-5398
-20818
23130
6682
-26215
-4627
-4113
-26472
12593
13364
-24159
-4627
-12594
25957
1028
14906
-13622
-2571
-23902
257
2827
-25701
-5912
-17734
0
0
-31869
-7968
-8225
0
0
-31869
-7968
-1029
514
7967
-14393
-1543
-15935
0
0
0
0
0
0
0
0
0
0
0
0
0
0
0
0
0
257
2827
-25701
-5912
-17734
0
0
-31869
-7968
-8225
0
0
-31869
-7968
-1029
514
7967
-14393
-1543
-15935
20303
-28014
-5398
-258
-19790
-16192
-6940
-1543
-1800
-29299
-515
-515
-5141
-15935
20817
-16706
-16706
-26215
22873
7196
11051
11051
5397
1285
0
0
0
0
0
0
0
0
0
0
0
0
0
0
0
0
0
0
0
0
0
0
0
0
0
0
0
0
-16706
-16706
-26215
22873
7196
11051
11051
5397
1285
0
0
0
0
0
0
0
0
0
0
0
0
0
0
0
0
0
0
0
0
0
0
0
0
0
0
0
0
0
0
0
0
0
0
0
0
0
0
0
0
0
0
0
0
0
0
0
0
0
0
0
0
0
0
0
0
0
0
0
0
0
0
0
