0
0
0
0
0
0
0
0
0
0
0
0
0
0
0
0
0
0
0
0
0
0
0
0
0
0
0
0
0
0
0
0
0
0
0
0
0
0
0
0
0
0
0
0
0
0
16448
-25701
-20818
-21075
0
9766
25700
-28014
-6683
0
2313
6682
15163
-26215
0
0
0
2056
13364
0
0
0
0
1028
0
0
0
0
257
0
0
0
0
0
0
0
0
0
0
514
0
0
0
514
30840
20303
19018
19018
20303
-9510
-15935
-16963
-16706
-16192
-7711
-3856
-515
-515
-515
-31098
-23131
-16706
-16706
-16706
2313
7196
11051
11051
11051
0
0
0
0
0
0
0
0
0
0
0
0
0
0
0
0
0
0
0
0
0
0
0
0
0
0
0
0
0
0
0
0
0
0
0
0
0
0
0
0
0
0
0
0
0
0
0
0
0
0
0
0
0
0
0
0
0
0
0
0
0
0
