0
0
0
0
0
0
0
0
0
0
0
0
0
0
0
0
0
0
0
0
0
0
0
0
0
0
0
0
0
6682
0
0
257
4112
28013
0
0
2056
23644
-8482
0
1799
12336
-13108
-2314
0
3341
20046
-6426
-12594
0
1028
9252
-8996
-17477
0
0
0
0
0
0
0
0
0
0
0
0
0
0
0
0
0
0
0
2056
23644
-8482
0
1799
12336
-13108
-2314
0
3341
20046
-6426
-12594
0
1028
9252
-8996
-17477
0
0
3341
-14650
-17220
0
1542
11051
-16706
-15421
257
6168
30069
-14907
-22874
2570
16705
-12851
-11052
23387
9766
-28014
-515
-515
20303
9766
-28014
-515
-515
20303
9766
-28014
-1543
-18762
10023
0
0
0
0
0
0
0
0
0
0
0
0
0
0
0
0
0
2570
16705
-12851
-11052
23387
9766
-28014
-515
-515
20303
9766
-28014
-515
-515
20303
9766
-28014
-1543
-18762
10023
9766
-28014
-2057
-23131
7710
9766
-28014
-3085
26214
4369
13621
-17734
-3856
16705
2570
19275
-3342
-3085
27499
4626
20303
-258
-2057
-23131
7710
20046
-1543
-2057
-23131
7710
13364
-18248
-2057
-23131
7710
0
0
0
0
0
0
0
0
0
0
0
0
0
0
0
0
0
19275
-3342
-3085
27499
4626
20303
-258
-2057
-23131
7710
20046
-1543
-2057
-23131
7710
13364
-18248
-2057
-23131
7710
10280
-26472
-2057
-23131
7710
9509
-29042
-2057
-24416
7453
4112
19018
-22360
20560
3598
0
3084
15420
2827
257
0
0
0
0
0
0
0
0
0
0
0
0
0
0
0
0
0
0
0
0
0
0
0
0
0
0
0
0
0
0
0
0
0
0
0
0
0
0
0
0
0
0
0
0
0
0
0
0
0
0
0
0
0
0
0
0
0
1542
0
0
0
0
11822
2570
0
0
0
-20561
15163
514
0
0
-5912
-26729
6939
0
0
-7968
-15678
17219
0
0
-13108
-7454
-30841
0
0
0
0
0
0
0
0
0
0
0
0
0
0
0
0
0
0
0
-20561
15163
514
0
0
-5912
-26729
6939
0
0
-7968
-15678
17219
0
0
-13108
-7454
-30841
0
0
-23131
-3342
-19533
3084
257
-30327
-2314
-12337
14392
1028
29298
-6426
-6426
32125
2056
19532
-14650
-3085
-17220
3598
17990
-17220
-1029
-7197
8224
5397
29041
-515
-2057
-18505
2827
22102
-7711
-515
-3085
0
0
0
0
0
0
0
0
0
0
0
0
0
0
0
0
0
19532
-14650
-3085
-17220
3598
17990
-17220
-1029
-7197
8224
5397
29041
-515
-2057
-18505
2827
22102
-7711
-515
-3085
771
8224
30840
-515
-515
0
1285
9509
-30841
-8482
0
257
1285
6425
30840
0
0
0
257
3598
0
0
0
0
0
0
0
0
0
0
0
0
0
0
0
0
0
0
0
0
0
0
0
0
0
0
0
0
0
0
0
0
0
0
0
257
3598
0
0
0
0
0
0
0
0
0
0
0
0
0
0
0
0
0
0
0
0
0
0
0
0
0
0
0
0
0
0
0
0
0
0
0
0
0
0
0
0
0
0
0
0
0
0
0
0
0
0
0
0
0
0
0
0
0
0
0
0
0
0
0
0
0
0
0
0
0
0
0
0
0
0
0
0
0
0
0
0
0
0
0
0
0
0
0
0
0
0
0
0
0
0
0
0
0
0
0
0
0
0
0
0
0
0
0
0
0
0
0
0
0
16448
-25701
-20818
-21075
0
9766
25700
-28014
-6683
0
0
0
0
0
0
0
0
0
0
0
0
0
0
0
0
0
0
0
0
0
0
0
0
0
0
0
0
16448
-25701
-20818
-21075
0
9766
25700
-28014
-6683
0
2313
6682
15163
-26215
0
0
0
2056
13364
0
0
0
0
1028
0
0
0
0
257
0
0
0
0
0
0
0
0
0
0
514
0
0
0
514
0
0
0
0
0
0
0
0
0
0
0
0
0
0
0
0
0
0
0
0
0
257
0
0
0
0
0
0
0
0
0
0
514
0
0
0
514
30840
20303
19018
19018
20303
-9510
-15935
-16963
-16706
-16192
-7711
-3856
-515
-515
-515
-31098
-23131
-16706
-16706
-16706
2313
7196
11051
11051
11051
0
0
0
0
0
0
0
0
0
0
0
0
0
0
0
0
0
0
0
0
0
0
0
0
0
0
0
-31098
-23131
-16706
-16706
-16706
2313
7196
11051
11051
11051
0
0
0
0
0
0
0
0
0
0
0
0
0
0
0
0
0
0
0
0
0
0
0
0
0
0
0
0
0
0
0
0
0
0
0
0
0
0
0
0
0
0
0
0
0
0
0
0
0
0
0
0
0
0
0
0
0
0
0
0
0
0
0
0
0
0
0
0
0
0
0
0
0
0
0
0
0
0
0
0
0
0
0
0
0
0
0
0
0
0
0
0
0
0
0
0
0
0
0
0
0
0
0
0
0
0
0
2056
0
0
0
0
23130
6682
0
0
0
0
0
0
0
0
0
0
0
0
0
0
0
0
0
0
0
0
0
0
0
0
0
0
0
0
0
0
2056
0
0
0
0
23130
6682
0
0
0
-26472
12593
0
0
0
-12594
25957
5140
0
0
-2571
-23902
13621
0
0
-5912
-17734
19532
0
0
-7968
-8225
29041
0
0
-7968
-1029
-29556
0
0
-1543
-15935
21074
0
0
0
0
0
0
0
0
0
0
0
0
0
0
0
0
0
0
0
-5912
-17734
19532
0
0
-7968
-8225
29041
0
0
-7968
-1029
-29556
0
0
-1543
-15935
21074
0
0
-258
-19790
17476
0
0
-1800
-29299
8738
0
0
-15935
20817
1028
0
0
22873
7196
0
0
0
1285
0
0
0
0
0
0
0
0
0
0
0
0
0
0
0
0
0
0
0
0
0
0
0
0
0
0
0
0
0
0
0
22873
7196
0
0
0
1285
0
0
0
0
0
0
0
0
0
0
0
0
0
0
0
0
0
0
0
0
0
0
0
0
0
0
0
0
0
0
0
0
0
0
0
0
0
0
0
0
0
0
0
0
0
0
0
0
0
0
0
0
0
0
0
0
0
0
0
0
0
0
0
0
0
0
