0
0
0
0
0
0
0
0
0
0
0
0
0
0
0
0
0
0
0
0
0
0
0
0
0
0
0
6682
9252
5654
257
4112
28013
-29299
26728
2056
23644
-8482
-1286
-2057
12336
-13108
-2314
-8739
-5912
20046
-6426
-12594
25443
-29556
9252
-8996
-17477
15163
24672
3341
-14650
-17220
15934
14649
11051
-16706
-15421
17990
8738
30069
-14907
-22874
14649
5911
-12851
-11052
23387
5140
0
-515
-515
20303
3084
0
-515
-515
20303
3084
0
-1543
-18762
10023
514
0
-2057
-23131
7710
0
0
-3085
26214
4369
0
0
-3856
16705
2570
0
0
-3085
27499
4626
0
0
-2057
-23131
7710
0
0
-2057
-23131
7710
0
0
-2057
-23131
7710
0
0
-2057
-23131
7710
0
0
-2057
-24416
7453
0
0
-22360
20560
3598
0
0
15420
2827
257
0
0
0
0
0
0
0
0
0
0
0
0
0
0
0
0
0
0
0
0
0
0
0
0
0
0
0
0
0
0
0
0
0
0
