0
0
0
0
0
0
0
0
0
0
0
0
0
0
0
0
0
0
0
0
0
0
0
0
0
0
0
0
6682
9252
0
257
4112
28013
-29299
0
2056
23644
-8482
-1286
1799
12336
-13108
-2314
-8739
3341
20046
-6426
-12594
25443
1028
9252
-8996
-17477
15163
0
0
0
0
0
0
0
0
0
0
0
0
0
0
0
0
0
0
2056
23644
-8482
-1286
1799
12336
-13108
-2314
-8739
3341
20046
-6426
-12594
25443
1028
9252
-8996
-17477
15163
0
3341
-14650
-17220
15934
1542
11051
-16706
-15421
17990
6168
30069
-14907
-22874
14649
16705
-12851
-11052
23387
5140
-28014
-515
-515
20303
3084
-28014
-515
-515
20303
3084
-28014
-1543
-18762
10023
514
0
0
0
0
0
0
0
0
0
0
0
0
0
0
0
0
0
16705
-12851
-11052
23387
5140
-28014
-515
-515
20303
3084
-28014
-515
-515
20303
3084
-28014
-1543
-18762
10023
514
-28014
-2057
-23131
7710
0
-28014
-3085
26214
4369
0
-17734
-3856
16705
2570
0
-3342
-3085
27499
4626
0
-258
-2057
-23131
7710
0
-1543
-2057
-23131
7710
0
-18248
-2057
-23131
7710
0
0
0
0
0
0
0
0
0
0
0
0
0
0
0
0
0
0
-3342
-3085
27499
4626
0
-258
-2057
-23131
7710
0
-1543
-2057
-23131
7710
0
-18248
-2057
-23131
7710
0
-26472
-2057
-23131
7710
0
-29042
-2057
-24416
7453
0
19018
-22360
20560
3598
0
3084
15420
2827
257
0
0
0
0
0
0
0
0
0
0
0
0
0
0
0
0
0
0
0
0
0
0
0
0
0
0
0
0
0
0
0
0
0
0
0
0
0
0
0
0
0
0
0
0
0
0
0
0
0
0
0
0
0
0
0
0
0
0
0
0
0
0
0
2570
0
0
0
0
15163
514
0
0
0
-26729
6939
0
0
0
-15678
17219
0
0
0
-7454
-30841
0
0
0
0
0
0
0
0
0
0
0
0
0
0
0
0
0
0
0
0
15163
514
0
0
0
-26729
6939
0
0
0
-15678
17219
0
0
0
-7454
-30841
0
0
0
-3342
-19533
3084
257
0
-2314
-12337
14392
1028
0
-6426
-6426
32125
2056
0
-14650
-3085
-17220
3598
0
-17220
-1029
-7197
8224
771
29041
-515
-2057
-18505
8481
22102
-7711
-515
-3085
32382
0
0
0
0
0
0
0
0
0
0
0
0
0
0
0
0
0
-14650
-3085
-17220
3598
0
-17220
-1029
-7197
8224
771
29041
-515
-2057
-18505
8481
22102
-7711
-515
-3085
32382
8224
30840
-515
-515
-8996
1285
9509
-30841
-8482
-1543
257
1285
6425
30840
-13622
0
0
257
3598
25700
0
0
0
0
0
0
0
0
0
0
0
0
0
0
0
0
0
0
0
0
0
0
0
0
0
0
0
0
0
0
0
0
0
0
257
3598
25700
0
0
0
0
0
0
0
0
0
0
0
0
0
0
0
0
0
0
0
0
0
0
0
0
0
0
0
0
0
0
0
0
0
0
0
0
0
0
0
0
0
0
0
0
0
0
0
0
0
0
0
0
0
0
0
0
0
0
0
0
0
0
0
0
0
0
0
0
0
0
0
0
0
0
0
0
0
0
0
0
0
0
0
0
0
0
0
0
0
0
0
0
0
0
0
0
0
0
0
0
0
0
0
0
0
0
0
0
0
0
0
0
16448
-25701
-20818
-21075
-24930
9766
25700
-28014
-6683
-5398
0
0
0
0
0
0
0
0
0
0
0
0
0
0
0
0
0
0
0
0
0
0
0
0
0
0
0
16448
-25701
-20818
-21075
-24930
9766
25700
-28014
-6683
-5398
2313
6682
15163
-26215
-4627
0
0
2056
13364
-24159
0
0
0
1028
14906
0
0
0
257
2827
0
0
0
0
0
0
0
0
0
0
0
0
0
514
7967
0
0
0
0
0
0
0
0
0
0
0
0
0
0
0
0
0
0
0
0
257
2827
0
0
0
0
0
0
0
0
0
0
0
0
0
514
7967
20303
19018
19018
20303
-28014
-15935
-16963
-16706
-16192
-6940
-3856
-515
-515
-515
-515
-23131
-16706
-16706
-16706
-16706
7196
11051
11051
11051
11051
0
0
0
0
0
0
0
0
0
0
0
0
0
0
0
0
0
0
0
0
0
0
0
0
0
0
0
-23131
-16706
-16706
-16706
-16706
7196
11051
11051
11051
11051
0
0
0
0
0
0
0
0
0
0
0
0
0
0
0
0
0
0
0
0
0
0
0
0
0
0
0
0
0
0
0
0
0
0
0
0
0
0
0
0
0
0
0
0
0
0
0
0
0
0
0
0
0
0
0
0
0
0
0
0
0
0
0
0
0
0
0
0
0
0
0
0
0
0
0
0
0
0
0
0
0
0
0
0
0
0
0
0
0
0
0
0
0
0
0
0
0
0
0
0
0
0
0
0
0
0
0
0
0
0
0
0
6682
0
0
0
0
0
0
0
0
0
0
0
0
0
0
0
0
0
0
0
0
0
0
0
0
0
0
0
0
0
0
0
0
0
0
0
0
6682
0
0
0
0
12593
0
0
0
0
25957
5140
0
0
0
-23902
13621
0
0
0
-17734
19532
0
0
0
-8225
29041
0
0
0
-1029
-29556
0
0
0
-15935
21074
0
0
0
0
0
0
0
0
0
0
0
0
0
0
0
0
0
0
0
0
-17734
19532
0
0
0
-8225
29041
0
0
0
-1029
-29556
0
0
0
-15935
21074
0
0
0
-19790
17476
0
0
0
-29299
8738
0
0
0
20817
1028
0
0
0
7196
0
0
0
0
0
0
0
0
0
0
0
0
0
0
0
0
0
0
0
0
0
0
0
0
0
0
0
0
0
0
0
0
0
0
0
0
7196
0
0
0
0
0
0
0
0
0
0
0
0
0
0
0
0
0
0
0
0
0
0
0
0
0
0
0
0
0
0
0
0
0
0
0
0
0
0
0
0
0
0
0
0
0
0
0
0
0
0
0
0
0
0
0
0
0
0
0
0
0
0
0
0
0
0
0
0
0
0
0
