2
3
4
50
60
7
8
9
51
61
12
13
14
52
62
17
18
19
53
63
22
23
24
54
64
27
28
29
55
65
32
33
34
56
66
37
38
39
57
67
42
43
44
58
68
47
48
49
59
69
52
53
54
60
70
57
58
59
61
71
62
63
64
62
72
67
68
69
63
73
72
73
74
64
74
77
78
79
65
75
82
83
84
66
76
87
88
89
67
77
92
93
94
68
78
97
98
99
69
79
102
103
104
70
80
107
108
109
71
81
112
113
114
72
82
117
118
119
73
83
122
123
124
74
84
127
128
129
75
85
132
133
134
76
86
137
138
139
77
87
142
143
144
78
88
147
148
149
79
89
152
153
154
80
90
157
158
159
81
91
0
0
0
