0000 0000 0000 0000 0000 0000 0000 0000 0000 0000 0000 0000 0000 0000 0000 0000 0000 0000 0000 0000 0000 0000 0000 0000 0000 0000 0000 0000 
0000 0000 0000 0000 0000 0000 0000 0000 0000 000F 00B3 0369 0769 0BE1 0F1A 1047 112F 13FF 184C 1CEB 1E9D 1C85 17F4 1234 0C78 0771 032D 00AC 
0000 0000 0000 0000 006C 017A 0268 02BC 027A 02FE 0734 12CD 2230 3274 3ECD 4451 46B6 4DF9 5979 66CB 6DDA 6A6B 5E43 4C77 3817 24E3 12C2 0588 
0000 0000 000F 0095 03CE 0A86 10DC 1404 13BC 1504 1FF4 3555 4DD2 6356 7331 7BA5 79B8 76B6 74A7 76A9 7F38 87DB 89FD 82AF 6EC7 5415 33BF 1431 
0000 0000 00F7 0720 1710 2E3D 4788 5AF9 6324 5EB0 547F 5037 556D 5CA8 610F 5B65 472C 32BE 25B5 2281 2E62 3FA3 4B64 501E 4BA1 41F5 3107 17C7 
0000 0192 0917 1AE0 3218 473A 5928 6780 7056 6B82 54BE 34A2 1625 0082 0000 0000 0000 0000 0000 0000 0000 0000 0000 0000 0000 0242 0F02 0BAE 
0000 0222 0B20 1C49 2D63 3655 34C0 2B03 1FD1 1696 0B3F 0000 0000 0000 0000 0000 0000 0000 0000 0000 0000 0000 0000 0000 0000 0000 0000 0000 
0000 002E 018E 0720 0FF4 1BAE 20B4 130F 0000 0000 0000 0000 0000 0000 0000 0000 0000 0000 0000 0000 0000 0000 0000 0000 0000 0000 0000 0000 
0000 0000 0000 0000 0000 00C6 2154 3656 2A4E 1261 04E2 0003 0000 0000 0000 0000 0000 0000 0000 0000 0000 0000 0000 0000 0000 0000 0000 0000 
0000 0000 0000 0000 0000 0000 0000 313A 566A 6028 5DBE 57DD 50DE 4624 3388 1FE7 0EBC 059A 00AE 0000 0000 0000 0000 0000 0000 0000 0000 0000 
0000 0000 0000 0000 0000 0000 0000 0000 1959 439B 5F76 7053 7D43 8351 7B6A 6613 42EE 23AE 0C4D 0280 0049 0000 0000 0000 0000 0000 0000 0000 
0000 004F 002F 0000 0000 0000 0000 0000 0000 0000 0000 1B75 4378 645B 7C79 85F9 75A1 535A 283E 0BA3 0193 000A 0000 0000 0000 0000 0000 0000 
0000 0022 00BA 014A 0000 0000 0000 0000 0000 0000 0000 0000 0000 0000 247D 588F 7690 72F7 5101 2475 08A1 00A9 0000 0000 0000 0000 0000 0000 
0000 0000 0039 0143 021F 0000 0000 0000 0000 0000 0000 0000 0000 0000 0000 0000 3941 6607 6A8E 488F 1D96 054D 0000 0000 0000 0000 0000 0000 
0000 0000 0000 000B 009A 0171 01FF 0000 0000 0000 0000 0000 0000 0000 0000 0000 0000 3041 57D4 52E9 2F4D 0D2B 0000 0000 0000 0000 0000 0000 
0000 0000 0000 0000 0000 0000 0000 003C 0114 01DD 007C 0000 0000 0000 0000 0000 0000 0000 2FA4 44EC 33F7 13E8 0060 0000 0000 0000 0000 0000 
0000 0000 0000 0000 0000 03DD 08A1 0C5B 0C3E 07D2 02A3 007F 01E9 0000 0000 0000 0000 0000 138B 34A0 3234 1896 01DA 0000 0000 0000 0000 0000 
0000 0000 0000 0000 0000 0944 151C 200A 2384 1B45 0A43 01D6 00BD 019C 0000 0000 0000 0000 0AC6 2CA7 31B9 1C13 0453 0000 0000 0000 0000 0000 
0000 0000 0000 0000 0000 0795 140B 243E 3173 3222 17C5 05A8 0056 00B2 015C 0000 0000 0000 073B 2601 3046 1E81 063F 0000 0000 0000 0000 0000 
0000 0000 0000 0000 0000 01B6 0C33 21BC 3BBC 4DF0 31FA 125C 0351 006F 0210 017A 0000 0000 06E1 1F96 2AB8 1CE7 067A 0000 0000 0000 0000 0000 
0000 0000 0000 0000 0000 0000 01CD 136D 3622 606D 58CD 3375 1295 05C9 08B2 0DC9 0D45 08D3 0DE0 1CF4 2551 19CD 05B8 0000 0000 0000 0000 0000 
0000 0000 0000 0000 0000 0000 0000 0000 0DD5 4FE3 7738 7323 58DC 46B9 4298 3F54 32CF 1F33 1418 169B 1BD8 146F 044A 0000 0000 0000 0000 0000 
0000 0000 0000 0000 0000 0000 0000 0000 0000 0D45 5352 7E19 8754 7EB3 7196 6243 4A54 2AE3 11EE 0A16 0D80 0BF9 01F5 0000 0000 0000 0000 0000 
0000 0000 0000 0000 0000 0000 0000 0000 0000 0000 0000 2ED7 5B76 69CA 6094 49BD 28EC 0964 0000 0000 0000 01F5 0000 0000 0000 0000 0000 0000 
0000 0000 0000 0000 0000 01B4 0000 0000 0000 0000 0000 0000 0000 0351 095E 0000 0000 0000 0000 0000 0000 0000 0000 0000 0000 0000 0000 0000 
0000 0000 0000 0000 0000 00DA 0000 0000 0000 0000 0000 0000 0000 0000 0000 0000 0000 0000 0000 0000 0000 0000 0000 0000 0000 0000 0000 0000 
0000 0000 0000 0000 0000 002D 0139 003B 0000 0000 0000 0000 0000 0000 0000 0000 0000 0000 0000 0000 0000 0000 0000 0000 0000 0000 0000 0000 
0000 0000 0000 0000 0000 0000 0094 011C 00C1 0000 0000 0000 0000 0000 0000 0000 0000 0000 0000 0000 0000 0000 0000 0000 0000 0000 0000 0000 
