0
0
0
0
0
0
0
0
0
0
0
0
0
0
0
0
0
0
0
0
0
0
0
0
0
0
0
0
0
0
0
0
0
0
0
0
0
0
0
0
0
0
0
0
0
0
0
0
0
0
0
0
0
0
0
0
0
0
0
0
0
0
0
0
0
0
0
0
0
0
0
0
0
0
0
0
0
0
0
0
0
0
0
0
0
0
0
0
0
0
0
0
0
0
0
0
0
0
0
0
0
0
0
0
0
0
0
0
0
0
0
0
0
0
0
0
3
0
0
0
3
22
0
0
0
13
75
0
0
6
46
-95
0
0
5
51
-44
0
0
0
0
0
0
0
0
0
0
0
0
0
0
0
0
0
0
0
0
0
0
0
0
0
0
0
0
0
0
3
22
0
0
0
13
75
0
0
6
46
-95
0
0
5
51
-44
0
0
1
39
-64
0
0
8
60
-38
0
0
14
83
-5
0
0
21
102
-4
0
0
37
-112
-6
0
0
43
-96
-8
0
0
43
-97
-9
0
0
0
0
0
0
0
0
0
0
0
0
0
0
0
0
0
0
0
0
0
0
0
0
0
0
0
0
0
21
102
-4
0
0
37
-112
-6
0
0
43
-96
-8
0
0
43
-97
-9
0
0
43
-97
-11
0
0
33
125
-53
0
0
12
47
81
0
0
0
0
0
0
0
0
0
0
0
0
0
0
0
0
0
0
0
0
0
0
0
0
0
0
0
0
0
0
0
0
0
0
0
0
0
0
0
0
0
0
0
0
0
0
0
0
0
0
0
0
0
0
0
0
0
0
0
0
0
0
0
0
0
0
0
0
0
0
0
0
0
0
0
0
0
0
0
0
0
0
0
0
0
0
0
0
0
0
0
0
0
0
18
35
17
4
40
119
-75
-113
0
0
0
0
0
0
0
0
0
0
0
0
0
0
0
0
0
0
0
0
0
0
0
0
0
0
0
0
0
0
0
0
0
0
0
0
0
0
0
18
35
17
4
40
119
-75
-113
40
-127
-43
-7
-51
122
-44
-3
-3
-43
-52
-38
-34
-12
-36
-41
-120
-121
-42
-24
-98
50
55
-90
-7
-106
46
11
96
-3
75
9
1
64
-47
0
0
0
0
0
0
0
0
0
0
0
0
0
0
0
0
0
0
0
0
0
0
0
0
0
0
0
-41
-120
-121
-42
-24
-98
50
55
-90
-7
-106
46
11
96
-3
75
9
1
64
-47
38
0
0
18
88
26
0
0
0
24
13
0
0
0
7
0
0
0
0
0
0
0
0
0
0
0
0
0
0
0
0
0
0
0
0
0
0
0
0
0
0
0
0
0
0
0
0
0
0
0
0
0
0
0
0
0
0
0
0
0
0
0
0
0
0
0
0
0
0
0
0
0
0
0
0
0
0
0
0
0
0
0
0
0
0
0
0
0
0
0
0
0
0
0
0
0
0
0
0
0
0
0
0
0
0
0
0
0
0
0
0
0
0
0
0
0
0
0
0
0
0
0
0
0
0
0
0
0
0
0
0
0
0
0
0
0
0
0
0
0
0
0
0
0
0
0
0
0
0
0
0
0
0
0
0
0
0
0
0
0
0
0
0
0
0
0
0
22
65
0
0
0
39
-123
0
0
0
13
99
0
0
0
9
89
0
0
0
1
59
0
0
0
0
51
0
0
0
0
36
0
0
0
0
0
0
0
0
0
0
0
0
0
0
0
0
0
0
0
0
0
0
0
0
0
0
0
0
0
0
9
89
0
0
0
1
59
0
0
0
0
51
0
0
0
0
36
0
0
0
0
29
0
0
0
0
20
0
0
0
0
8
1
0
0
0
12
10
0
0
0
29
38
0
0
0
29
-112
38
0
0
12
0
0
0
0
0
0
0
0
0
0
0
0
0
0
0
0
0
0
0
0
0
0
0
0
0
0
0
1
0
0
0
12
10
0
0
0
29
38
0
0
0
29
-112
38
0
0
12
-29
-82
108
41
2
-7
-12
-52
-104
105
-55
-14
-9
-19
-40
99
-77
-38
-28
-29
0
58
114
-116
-117
0
0
0
0
0
0
0
0
0
0
0
0
0
0
0
0
0
0
0
0
0
0
0
0
0
0
0
0
0
0
0
0
0
0
0
0
0
99
-77
-38
-28
-29
0
58
114
-116
-117
0
0
0
0
0
0
0
0
0
0
0
0
0
0
0
0
0
0
0
0
0
0
0
0
0
0
0
0
0
0
0
0
0
0
0
0
0
0
0
0
0
0
0
0
0
0
0
0
0
0
0
0
0
0
0
0
0
0
0
0
0
0
0
0
0
0
0
0
0
0
0
0
0
0
0
0
0
0
0
0
0
0
0
0
0
0
0
0
0
0
0
0
2
0
0
0
0
11
1
0
0
0
41
5
0
0
0
113
20
0
0
0
-74
33
0
0
0
-28
62
7
0
0
-8
80
13
0
0
0
0
0
0
0
0
0
0
0
0
0
0
0
0
0
0
0
0
0
0
0
0
0
0
0
0
0
113
20
0
0
0
-74
33
0
0
0
-28
62
7
0
0
-8
80
13
0
0
-3
119
28
0
0
-3
-104
40
0
0
-3
-97
43
0
0
-2
-99
42
0
0
-5
-116
36
0
0
-29
67
10
0
0
92
19
1
0
0
0
0
0
0
0
0
0
0
0
0
0
0
0
0
0
0
0
0
0
0
0
0
0
0
0
0
0
-2
-99
42
0
0
-5
-116
36
0
0
-29
67
10
0
0
92
19
1
0
0
19
3
0
0
0
22
3
0
0
0
45
6
0
0
0
38
5
0
0
0
7
1
0
0
0
0
0
0
0
0
0
0
0
0
0
0
0
0
0
0
0
0
0
0
0
0
0
0
0
0
0
0
0
0
0
0
0
0
0
0
0
0
38
5
0
0
0
7
1
0
0
0
0
0
0
0
0
0
0
0
0
0
0
0
0
0
0
0
0
0
0
0
0
0
0
0
0
0
0
0
0
0
0
0
0
0
0
0
0
0
0
0
0
0
0
0
0
0
0
0
0
0
0
0
0
0
0
0
0
0
0
0
0
0
0
0
0
0
0
0
0
0
0
0
