0
0
0
0
0
0
0
0
0
0
0
0
0
0
0
0
0
0
0
0
0
0
0
0
0
0
0
0
0
0
0
0
0
0
0
0
0
0
0
0
0
0
0
0
0
0
0
0
0
0
0
0
0
0
0
0
0
0
0
0
0
0
0
0
0
0
0
0
0
0
0
0
0
0
0
0
0
0
0
0
0
0
0
0
0
0
0
0
0
0
0
0
0
0
0
0
0
0
0
0
0
0
0
0
0
0
0
0
0
0
0
33
0
0
3
21
120
0
3
22
99
-30
0
13
75
-15
-3
6
46
-95
-9
-8
5
51
-44
-6
-50
0
0
0
0
0
0
0
0
0
0
0
0
0
0
0
0
0
0
0
0
0
0
0
0
0
0
0
0
3
22
99
-30
0
13
75
-15
-3
6
46
-95
-9
-8
5
51
-44
-6
-50
1
39
-64
-6
-110
8
60
-38
-5
115
14
83
-5
-3
82
21
102
-4
-13
45
37
-112
-6
-45
39
43
-96
-8
-89
30
43
-97
-9
-90
30
0
0
0
0
0
0
0
0
0
0
0
0
0
0
0
0
0
0
0
0
0
0
0
0
0
0
0
21
102
-4
-13
45
37
-112
-6
-45
39
43
-96
-8
-89
30
43
-97
-9
-90
30
43
-97
-11
-121
24
33
125
-53
76
13
12
47
81
23
4
0
0
0
0
0
0
0
0
0
0
0
0
0
0
0
0
0
0
0
0
0
0
0
0
0
0
0
0
0
0
0
0
0
0
0
0
0
0
0
0
0
0
0
0
0
0
0
0
0
0
0
0
0
0
0
0
0
0
0
0
0
0
0
0
0
0
0
0
0
0
0
0
0
0
0
0
0
0
0
0
0
0
0
0
0
0
0
0
0
0
0
0
18
35
17
0
0
119
-75
-113
14
1
0
0
0
0
0
0
0
0
0
0
0
0
0
0
0
0
0
0
0
0
0
0
0
0
0
0
0
0
0
0
0
0
0
0
0
0
0
18
35
17
0
0
119
-75
-113
14
1
-43
-7
-51
21
1
-3
-3
-43
35
2
-34
-12
-36
70
5
-121
-42
-24
127
16
55
-90
-7
-41
63
11
96
-3
-8
-51
1
64
-47
-4
-15
0
0
0
0
0
0
0
0
0
0
0
0
0
0
0
0
0
0
0
0
0
0
0
0
0
0
0
-121
-42
-24
127
16
55
-90
-7
-41
63
11
96
-3
-8
-51
1
64
-47
-4
-15
0
18
88
-34
-6
0
0
24
-124
-33
0
0
7
41
126
0
0
0
1
19
0
0
0
0
0
0
0
0
0
0
0
0
0
0
0
0
0
0
0
0
0
0
0
0
0
0
0
0
0
0
0
0
0
0
0
0
0
0
0
0
0
0
0
0
0
1
19
0
0
0
0
0
0
0
0
0
0
0
0
0
0
0
0
0
0
0
0
0
0
0
0
0
0
0
0
0
0
0
0
0
0
0
0
0
0
0
0
0
0
0
0
0
0
0
0
0
0
0
0
0
0
0
0
0
0
0
0
0
0
0
0
0
0
0
0
0
0
0
0
0
0
0
0
0
0
0
0
0
0
0
0
0
0
0
0
0
0
0
0
0
0
0
0
0
0
22
65
83
25
0
39
-123
-49
102
0
13
99
-10
-47
0
9
89
-12
-11
0
1
59
-56
-7
0
0
51
-75
-3
0
0
36
-116
-2
0
0
0
0
0
0
0
0
0
0
0
0
0
0
0
0
0
0
0
0
0
0
0
0
0
0
0
0
9
89
-12
-11
0
1
59
-56
-7
0
0
51
-75
-3
0
0
36
-116
-2
0
0
29
123
-2
0
0
20
99
-2
0
0
8
68
-2
0
0
12
79
-2
0
0
29
123
-2
0
0
29
123
-4
0
0
12
78
-13
0
0
0
0
0
0
0
0
0
0
0
0
0
0
0
0
0
0
0
0
0
0
0
0
0
0
0
0
0
12
79
-2
0
0
29
123
-2
0
0
29
123
-4
0
0
12
78
-13
108
41
2
21
75
-52
-104
105
80
110
-9
-19
-40
-65
-45
-38
-28
-29
-40
-83
114
-116
-117
112
34
0
0
0
0
0
0
0
0
0
0
0
0
0
0
0
0
0
0
0
0
0
0
0
0
0
0
0
0
0
0
0
0
0
0
0
0
0
-38
-28
-29
-40
-83
114
-116
-117
112
34
0
0
0
0
0
0
0
0
0
0
0
0
0
0
0
0
0
0
0
0
0
0
0
0
0
0
0
0
0
0
0
0
0
0
0
0
0
0
0
0
0
0
0
0
0
0
0
0
0
0
0
0
0
0
0
0
0
0
0
0
0
0
0
0
0
0
0
0
0
0
0
0
0
0
0
0
0
0
0
0
0
0
0
0
0
0
0
0
0
0
0
0
0
0
0
0
0
0
0
0
0
0
0
0
0
0
0
0
0
0
0
0
0
0
0
0
0
7
0
0
0
0
13
0
0
0
0
0
0
0
0
0
0
0
0
0
0
0
0
0
0
0
0
0
0
0
0
0
0
0
0
0
0
0
0
0
0
0
0
0
0
0
0
0
7
0
0
0
0
13
0
0
0
0
28
0
0
0
0
40
0
0
0
0
43
0
0
0
0
42
0
0
0
0
36
0
0
0
0
10
0
0
0
0
1
0
0
0
0
0
0
0
0
0
0
0
0
0
0
0
0
0
0
0
0
0
0
0
0
0
0
0
0
0
0
0
42
0
0
0
0
36
0
0
0
0
10
0
0
0
0
1
0
0
0
0
0
0
0
0
0
0
0
0
0
0
0
0
0
0
0
0
0
0
0
0
0
0
0
0
0
0
0
0
0
0
0
0
0
0
0
0
0
0
0
0
0
0
0
0
0
0
0
0
0
0
0
0
0
0
0
0
0
0
0
0
0
0
0
0
0
0
0
0
0
0
0
0
0
0
0
0
0
0
0
0
0
0
0
0
0
0
0
0
0
0
0
0
0
0
0
0
0
0
0
0
0
0
0
0
0
0
0
0
0
0
0
0
0
0
0
0
0
0
0
0
0
0
0
0
0
0
0
0
0
0
0
0
0
0
0
0
0
0
0
0
0
0
0
0
