0
0
0
0
0
0
0
0
0
0
0
0
0
0
0
0
0
0
0
0
0
0
0
0
0
0
0
0
0
0
0
0
0
0
0
0
0
0
0
0
0
0
0
0
0
0
0
0
0
0
0
0
0
0
0
0
0
0
0
0
0
0
0
0
0
0
0
0
0
0
0
0
0
0
0
0
0
0
0
0
0
0
0
0
0
0
0
0
0
0
0
0
0
0
0
0
0
0
0
0
0
0
0
0
0
0
0
0
0
0
0
0
0
0
0
3
21
0
0
3
22
99
0
0
13
75
-15
0
6
46
-95
-9
0
5
51
-44
-6
0
0
0
0
0
0
0
0
0
0
0
0
0
0
0
0
0
0
0
0
0
0
0
0
0
0
0
0
0
3
22
99
0
0
13
75
-15
0
6
46
-95
-9
0
5
51
-44
-6
0
1
39
-64
-6
0
8
60
-38
-5
0
14
83
-5
-3
0
21
102
-4
-13
0
37
-112
-6
-45
0
43
-96
-8
-89
0
43
-97
-9
-90
0
0
0
0
0
0
0
0
0
0
0
0
0
0
0
0
0
0
0
0
0
0
0
0
0
0
0
0
21
102
-4
-13
0
37
-112
-6
-45
0
43
-96
-8
-89
0
43
-97
-9
-90
0
43
-97
-11
-121
0
33
125
-53
76
0
12
47
81
23
0
0
0
0
0
0
0
0
0
0
0
0
0
0
0
0
0
0
0
0
0
0
0
0
0
0
0
0
0
0
0
0
0
0
0
0
0
0
0
0
0
0
0
0
0
0
0
0
0
0
0
0
0
0
0
0
0
0
0
0
0
0
0
0
0
0
0
0
0
0
0
0
0
0
0
0
0
0
0
0
0
0
0
0
0
0
0
0
0
0
0
0
0
18
35
17
0
40
119
-75
-113
14
0
0
0
0
0
0
0
0
0
0
0
0
0
0
0
0
0
0
0
0
0
0
0
0
0
0
0
0
0
0
0
0
0
0
0
0
0
0
18
35
17
0
40
119
-75
-113
14
-127
-43
-7
-51
21
-44
-3
-3
-43
35
-38
-34
-12
-36
70
-120
-121
-42
-24
127
50
55
-90
-7
-41
46
11
96
-3
-8
9
1
64
-47
-4
0
0
0
0
0
0
0
0
0
0
0
0
0
0
0
0
0
0
0
0
0
0
0
0
0
0
0
-120
-121
-42
-24
127
50
55
-90
-7
-41
46
11
96
-3
-8
9
1
64
-47
-4
0
0
18
88
-34
0
0
0
24
-124
0
0
0
7
41
0
0
0
0
1
0
0
0
0
0
0
0
0
0
0
0
0
0
0
0
0
0
0
0
0
0
0
0
0
0
0
0
0
0
0
0
0
0
0
0
0
0
0
0
0
0
0
0
0
0
0
1
0
0
0
0
0
0
0
0
0
0
0
0
0
0
0
0
0
0
0
0
0
0
0
0
0
0
0
0
0
0
0
0
0
0
0
0
0
0
0
0
0
0
0
0
0
0
0
0
0
0
0
0
0
0
0
0
0
0
0
0
0
0
0
0
0
0
0
0
0
0
0
0
0
0
0
0
0
0
0
0
0
0
0
0
0
0
0
0
0
0
0
0
0
0
0
0
0
0
0
22
65
83
0
0
39
-123
-49
0
0
13
99
-10
0
0
9
89
-12
0
0
1
59
-56
0
0
0
51
-75
0
0
0
36
-116
0
0
0
0
0
0
0
0
0
0
0
0
0
0
0
0
0
0
0
0
0
0
0
0
0
0
0
0
0
9
89
-12
0
0
1
59
-56
0
0
0
51
-75
0
0
0
36
-116
0
0
0
29
123
0
0
0
20
99
0
0
0
8
68
0
0
0
12
79
0
0
0
29
123
0
0
0
29
123
38
0
0
12
78
0
0
0
0
0
0
0
0
0
0
0
0
0
0
0
0
0
0
0
0
0
0
0
0
0
0
0
0
0
0
12
79
0
0
0
29
123
0
0
0
29
123
38
0
0
12
78
-82
108
41
2
21
-12
-52
-104
105
80
-14
-9
-19
-40
-65
-77
-38
-28
-29
-40
58
114
-116
-117
112
0
0
0
0
0
0
0
0
0
0
0
0
0
0
0
0
0
0
0
0
0
0
0
0
0
0
0
0
0
0
0
0
0
0
0
0
0
-77
-38
-28
-29
-40
58
114
-116
-117
112
0
0
0
0
0
0
0
0
0
0
0
0
0
0
0
0
0
0
0
0
0
0
0
0
0
0
0
0
0
0
0
0
0
0
0
0
0
0
0
0
0
0
0
0
0
0
0
0
0
0
0
0
0
0
0
0
0
0
0
0
0
0
0
0
0
0
0
0
0
0
0
0
0
0
0
0
0
0
0
0
0
0
0
0
0
0
0
0
0
0
0
0
0
0
0
0
0
1
0
0
0
0
5
0
0
0
0
20
0
0
0
0
33
0
0
0
0
62
7
0
0
0
80
13
0
0
0
0
0
0
0
0
0
0
0
0
0
0
0
0
0
0
0
0
0
0
0
0
0
0
0
0
0
0
20
0
0
0
0
33
0
0
0
0
62
7
0
0
0
80
13
0
0
0
119
28
0
0
0
-104
40
0
0
0
-97
43
0
0
0
-99
42
0
0
0
-116
36
0
0
0
67
10
0
0
0
19
1
0
0
0
0
0
0
0
0
0
0
0
0
0
0
0
0
0
0
0
0
0
0
0
0
0
0
0
0
0
0
-99
42
0
0
0
-116
36
0
0
0
67
10
0
0
0
19
1
0
0
0
3
0
0
0
0
3
0
0
0
0
6
0
0
0
0
5
0
0
0
0
1
0
0
0
0
0
0
0
0
0
0
0
0
0
0
0
0
0
0
0
0
0
0
0
0
0
0
0
0
0
0
0
0
0
0
0
0
0
0
0
0
0
5
0
0
0
0
1
0
0
0
0
0
0
0
0
0
0
0
0
0
0
0
0
0
0
0
0
0
0
0
0
0
0
0
0
0
0
0
0
0
0
0
0
0
0
0
0
0
0
0
0
0
0
0
0
0
0
0
0
0
0
0
0
0
0
0
0
0
0
0
0
0
0
0
0
0
0
0
0
0
0
0
0
