0
0
0
0
0
0
0
0
0
0
0
0
0
0
0
0
0
0
0
0
0
0
0
0
0
0
0
0
0
0
0
0
0
0
0
0
0
0
0
0
0
0
0
0
0
0
0
0
0
0
0
0
0
0
0
0
0
0
0
0
0
0
0
0
0
0
0
0
0
0
0
0
0
0
0
0
0
0
0
0
0
0
0
0
0
0
0
0
0
0
0
0
0
0
0
0
0
0
0
0
0
0
0
0
0
0
0
0
0
0
0
0
0
0
0
0
0
0
0
0
0
0
0
0
0
0
0
0
0
0
0
6
0
0
0
0
5
0
0
0
0
0
0
0
0
0
0
0
0
0
0
0
0
0
0
0
0
0
0
0
0
0
0
0
0
0
0
0
0
0
0
0
0
0
0
0
0
0
6
0
0
0
0
5
0
0
0
0
1
0
0
0
0
8
0
0
0
0
14
0
0
0
0
21
0
0
0
0
37
0
0
0
0
43
0
0
0
0
43
0
0
0
0
0
0
0
0
0
0
0
0
0
0
0
0
0
0
0
0
0
0
0
0
0
0
0
0
0
0
0
21
0
0
0
0
37
0
0
0
0
43
0
0
0
0
43
0
0
0
0
43
0
0
0
0
33
0
0
0
0
12
0
0
0
0
0
0
0
0
0
0
0
0
0
0
0
0
0
0
0
0
0
0
0
0
0
0
0
0
0
0
0
0
0
0
0
0
0
0
0
0
0
0
0
0
0
0
0
0
0
0
0
0
0
0
0
0
0
0
0
0
0
0
0
0
0
0
0
0
0
0
0
0
0
0
0
0
0
0
0
0
0
0
0
0
0
0
0
0
0
0
0
0
0
0
0
0
18
0
0
4
40
119
0
0
0
0
0
0
0
0
0
0
0
0
0
0
0
0
0
0
0
0
0
0
0
0
0
0
0
0
0
0
0
0
0
0
0
0
0
0
0
0
0
18
0
0
4
40
119
0
0
40
-127
-43
0
33
122
-44
-3
21
120
-52
-38
-34
99
-30
-41
-120
-121
-15
-3
-98
50
55
-9
-8
-106
46
11
-6
-50
75
9
1
0
0
0
0
0
0
0
0
0
0
0
0
0
0
0
0
0
0
0
0
0
0
0
0
0
0
0
99
-30
-41
-120
-121
-15
-3
-98
50
55
-9
-8
-106
46
11
-6
-50
75
9
1
-6
-110
38
0
0
-5
115
26
0
0
-3
82
13
0
0
-13
45
0
0
0
-45
39
0
0
0
-89
30
0
0
0
-90
30
0
0
0
0
0
0
0
0
0
0
0
0
0
0
0
0
0
0
0
0
0
0
0
0
0
0
0
0
0
0
-13
45
0
0
0
-45
39
0
0
0
-89
30
0
0
0
-90
30
0
0
0
-121
24
0
0
0
76
13
0
0
0
23
4
0
0
0
0
0
0
0
0
0
0
0
0
0
0
0
0
0
0
0
0
0
0
0
0
0
0
0
0
0
0
0
0
0
0
0
0
0
0
0
0
0
0
0
0
0
0
0
0
0
0
0
0
0
0
0
0
0
0
0
0
0
0
0
0
0
0
0
0
0
0
0
0
0
0
0
0
0
0
0
0
0
0
0
0
0
0
0
0
0
0
0
0
0
0
0
0
0
0
0
0
14
1
0
0
0
0
0
0
0
0
0
0
0
0
0
0
0
0
0
0
0
0
0
0
0
0
0
0
0
0
0
0
0
0
0
0
0
0
0
0
0
0
0
0
0
0
0
14
1
0
0
0
21
1
0
0
0
35
2
0
0
0
70
5
0
0
0
127
16
1
0
0
-41
63
10
0
0
-8
-51
38
0
0
-4
-15
-112
38
0
0
0
0
0
0
0
0
0
0
0
0
0
0
0
0
0
0
0
0
0
0
0
0
0
0
0
0
127
16
1
0
0
-41
63
10
0
0
-8
-51
38
0
0
-4
-15
-112
38
0
-34
-6
-29
-82
108
-124
-33
-7
-12
-52
41
126
-55
-14
-9
1
19
99
-77
-38
0
0
0
58
114
0
0
0
0
0
0
0
0
0
0
0
0
0
0
0
0
0
0
0
0
0
0
0
0
0
0
0
0
0
0
0
0
0
0
0
0
0
1
19
99
-77
-38
0
0
0
58
114
0
0
0
0
0
0
0
0
0
0
0
0
0
0
0
0
0
0
0
0
0
0
0
0
0
0
0
0
0
0
0
0
0
0
0
0
0
0
0
0
0
0
0
0
0
0
0
0
0
0
0
0
0
0
0
0
0
0
0
0
0
0
0
0
0
0
0
0
0
0
0
0
0
0
0
0
0
0
0
0
0
0
0
0
0
0
0
0
0
0
0
0
83
25
2
0
0
-49
102
11
1
0
-10
-47
41
5
0
-12
-11
113
20
0
-56
-7
-74
33
0
-75
-3
-28
62
7
-116
-2
-8
80
13
0
0
0
0
0
0
0
0
0
0
0
0
0
0
0
0
0
0
0
0
0
0
0
0
0
0
0
-12
-11
113
20
0
-56
-7
-74
33
0
-75
-3
-28
62
7
-116
-2
-8
80
13
123
-2
-3
119
28
99
-2
-3
-104
40
68
-2
-3
-97
43
79
-2
-2
-99
42
123
-2
-5
-116
36
123
-4
-29
67
10
78
-13
92
19
1
0
0
0
0
0
0
0
0
0
0
0
0
0
0
0
0
0
0
0
0
0
0
0
0
0
0
0
79
-2
-2
-99
42
123
-2
-5
-116
36
123
-4
-29
67
10
78
-13
92
19
1
21
75
19
3
0
80
110
22
3
0
-65
-45
45
6
0
-40
-83
38
5
0
112
34
7
1
0
0
0
0
0
0
0
0
0
0
0
0
0
0
0
0
0
0
0
0
0
0
0
0
0
0
0
0
0
0
0
0
0
0
0
0
0
0
-40
-83
38
5
0
112
34
7
1
0
0
0
0
0
0
0
0
0
0
0
0
0
0
0
0
0
0
0
0
0
0
0
0
0
0
0
0
0
0
0
0
0
0
0
0
0
0
0
0
0
0
0
0
0
0
0
0
0
0
0
0
0
0
0
0
0
0
0
0
0
0
0
0
0
0
0
0
0
0
0
0
0
