0
0
0
0
0
0
0
0
0
0
0
0
0
0
0
0
0
0
0
0
0
0
0
0
0
0
0
0
0
0
0
0
0
0
0
0
0
0
0
0
0
0
0
0
0
0
0
0
0
0
0
0
0
0
0
0
0
0
0
0
0
0
0
0
0
0
0
0
0
0
0
0
0
0
0
0
0
0
0
0
0
0
0
0
0
0
0
0
0
0
0
0
0
0
0
0
0
0
0
0
0
0
0
0
0
0
0
0
0
0
0
0
0
0
0
0
0
0
0
0
0
3
0
0
0
0
13
0
0
0
6
46
0
0
0
5
51
0
0
0
0
0
0
0
0
0
0
0
0
0
0
0
0
0
0
0
0
0
0
0
0
0
0
0
0
0
0
0
3
0
0
0
0
13
0
0
0
6
46
0
0
0
5
51
0
0
0
1
39
0
0
0
8
60
0
0
0
14
83
0
0
0
21
102
0
0
0
37
-112
0
0
0
43
-96
0
0
0
43
-97
0
0
0
0
0
0
0
0
0
0
0
0
0
0
0
0
0
0
0
0
0
0
0
0
0
0
0
0
0
0
21
102
0
0
0
37
-112
0
0
0
43
-96
0
0
0
43
-97
0
0
0
43
-97
0
0
0
33
125
0
0
0
12
47
0
0
0
0
0
0
0
0
0
0
0
0
0
0
0
0
0
0
0
0
0
0
0
0
0
0
0
0
0
0
0
0
0
0
0
0
0
0
0
0
0
0
0
0
0
0
0
0
0
0
0
0
0
0
0
0
0
0
0
0
0
0
0
0
0
0
0
0
0
0
0
0
0
0
0
0
0
0
0
0
0
0
0
0
0
0
0
0
0
0
0
0
0
0
0
18
35
0
4
40
119
-75
0
0
0
0
0
0
0
0
0
0
0
0
0
0
0
0
0
0
0
0
0
0
0
0
0
0
0
0
0
0
0
0
0
0
0
0
0
0
0
0
18
35
0
4
40
119
-75
0
40
-127
-43
-7
33
122
-44
-3
-3
120
-52
-38
-34
-12
-30
-41
-120
-121
-42
-3
-98
50
55
-90
-8
-106
46
11
96
-50
75
9
1
64
0
0
0
0
0
0
0
0
0
0
0
0
0
0
0
0
0
0
0
0
0
0
0
0
0
0
0
-30
-41
-120
-121
-42
-3
-98
50
55
-90
-8
-106
46
11
96
-50
75
9
1
64
-110
38
0
0
18
115
26
0
0
0
82
13
0
0
0
45
0
0
0
0
39
0
0
0
0
30
0
0
0
0
30
0
0
0
0
0
0
0
0
0
0
0
0
0
0
0
0
0
0
0
0
0
0
0
0
0
0
0
0
0
0
0
45
0
0
0
0
39
0
0
0
0
30
0
0
0
0
30
0
0
0
0
24
0
0
0
0
13
0
0
0
0
4
0
0
0
0
0
0
0
0
0
0
0
0
0
0
0
0
0
0
0
0
0
0
0
0
0
0
0
0
0
0
0
0
0
0
0
0
0
0
0
0
0
0
0
0
0
0
0
0
0
0
0
0
0
0
0
0
0
0
0
0
0
0
0
0
0
0
0
0
0
0
0
0
0
0
0
22
0
0
0
0
39
0
0
0
0
13
0
0
0
0
9
0
0
0
0
1
0
0
0
0
0
1
0
0
0
0
0
0
0
0
0
0
0
0
0
0
0
0
0
0
0
0
0
0
0
0
0
0
0
0
0
0
0
0
0
0
0
9
0
0
0
0
1
0
0
0
0
0
1
0
0
0
0
1
0
0
0
0
2
0
0
0
0
5
0
0
0
0
16
1
0
0
0
63
10
0
0
0
-51
38
0
0
0
-15
-112
38
0
0
0
0
0
0
0
0
0
0
0
0
0
0
0
0
0
0
0
0
0
0
0
0
0
0
0
0
0
16
1
0
0
0
63
10
0
0
0
-51
38
0
0
0
-15
-112
38
0
0
-6
-29
-82
108
41
-33
-7
-12
-52
-104
126
-55
-14
-9
-19
19
99
-77
-38
-28
0
0
58
114
-116
0
0
0
0
0
0
0
0
0
0
0
0
0
0
0
0
0
0
0
0
0
0
0
0
0
0
0
0
0
0
0
0
0
0
0
0
0
19
99
-77
-38
-28
0
0
58
114
-116
0
0
0
0
0
0
0
0
0
0
0
0
0
0
0
0
0
0
0
0
0
0
0
0
0
0
0
0
0
0
0
0
0
0
0
0
0
0
0
0
0
0
0
0
0
0
0
0
0
0
0
0
0
0
0
0
0
0
0
0
0
0
0
0
0
0
0
0
0
0
0
0
0
0
0
0
0
0
0
0
0
0
0
0
0
0
0
0
0
0
0
0
25
2
0
0
0
102
11
1
0
0
-47
41
5
0
0
-11
113
20
0
0
-7
-74
33
0
0
-3
-28
62
7
0
-2
-8
80
13
0
0
0
0
0
0
0
0
0
0
0
0
0
0
0
0
0
0
0
0
0
0
0
0
0
0
0
0
-11
113
20
0
0
-7
-74
33
0
0
-3
-28
62
7
0
-2
-8
80
13
0
-2
-3
119
28
0
-2
-3
-104
40
0
-2
-3
-97
43
0
-2
-2
-99
42
0
-2
-5
-116
36
0
-4
-29
67
10
0
-13
92
19
1
0
0
0
0
0
0
0
0
0
0
0
0
0
0
0
0
0
0
0
0
0
0
0
0
0
0
0
0
-2
-2
-99
42
0
-2
-5
-116
36
0
-4
-29
67
10
0
-13
92
19
1
0
75
19
3
0
0
110
22
3
0
0
-45
45
6
0
0
-83
38
5
0
0
34
7
1
0
0
0
0
0
0
0
0
0
0
0
0
0
0
0
0
0
0
0
0
0
0
0
0
0
0
0
0
0
0
0
0
0
0
0
0
0
0
0
-83
38
5
0
0
34
7
1
0
0
0
0
0
0
0
0
0
0
0
0
0
0
0
0
0
0
0
0
0
0
0
0
0
0
0
0
0
0
0
0
0
0
0
0
0
0
0
0
0
0
0
0
0
0
0
0
0
0
0
0
0
0
0
0
0
0
0
0
0
0
0
0
0
0
0
0
0
0
0
0
0
0
