00 00 00 00 00 00 00 00 00 00 00 00 00 00 00 00 00 00 00 00 00 00 00 00 00 00 00 00 
00 00 00 00 00 00 00 00 00 00 00 00 00 00 00 00 00 00 00 00 00 00 00 00 00 00 00 00 
00 00 00 00 00 00 00 00 00 00 00 00 00 00 00 00 00 00 00 00 00 00 00 00 00 00 00 00 
00 00 00 00 00 00 00 00 00 00 00 00 00 00 00 00 00 00 00 00 00 00 00 00 00 00 00 00 
00 00 00 00 00 00 00 00 00 00 00 00 00 00 00 00 00 00 00 00 00 00 00 00 00 00 00 00 
00 00 00 00 00 00 00 00 00 00 00 00 00 00 00 0D 2E 58 70 7E 77 61 4A 2F 17 0E 09 04 
00 00 00 00 00 00 00 00 00 00 00 27 67 9E C9 DA E2 F3 FF FF FF FF FA D9 A6 73 46 1D 
00 00 00 00 00 00 00 07 3B 65 87 B4 DF F4 FF F2 D7 C8 C8 CB D5 E1 E5 CF A3 71 43 1B 
00 03 0E 1B 21 23 2D 3A 51 64 6E 7D 89 83 7C 6E 59 48 4A 4D 56 61 66 59 43 2D 19 08 
00 08 29 5A 6E 5C 3B 0C 00 00 00 00 00 00 00 00 00 00 06 0A 0C 0E 0F 0D 09 06 03 01 
00 07 28 69 93 8F 71 32 00 00 00 00 00 00 00 00 00 00 00 00 00 00 00 00 00 00 00 00 
00 03 17 4E 89 AD BE AF 7D 3D 00 00 00 00 00 00 00 00 00 00 00 00 00 00 00 00 00 00 
00 00 07 25 56 88 B9 DF EB DF BF 94 50 03 00 00 00 00 00 00 00 00 00 00 00 00 00 00 
00 00 01 08 1E 3D 68 96 C2 E3 F7 FF F0 C1 6E 07 00 00 00 00 00 00 00 00 00 00 00 00 
00 00 00 00 03 0B 1B 30 4E 74 9E C6 ED FB DC 89 1E 00 00 00 00 00 00 00 00 00 00 00 
00 00 00 00 00 00 00 01 08 18 30 4C 7F B3 CD B2 69 0F 00 00 00 00 00 00 00 00 00 00 
00 00 00 00 00 00 00 00 00 00 00 06 21 50 81 94 7B 3E 00 00 00 00 00 00 00 00 00 00 
00 00 00 00 00 00 00 00 00 00 00 00 04 18 47 68 63 40 0C 00 00 00 00 00 00 00 00 00 
00 00 00 00 00 00 00 00 00 00 00 00 00 04 25 46 48 2C 03 00 00 00 00 00 00 00 00 00 
00 00 00 00 00 00 00 00 00 00 00 00 00 00 13 2D 34 21 00 00 00 00 00 00 00 00 00 00 
00 00 00 00 00 10 00 00 00 00 00 00 00 00 04 15 1E 13 00 00 00 00 00 00 00 00 00 00 
00 00 00 00 00 26 23 00 00 00 00 00 00 00 00 00 00 00 00 05 0C 05 01 00 00 02 00 00 
00 00 00 00 00 30 51 42 14 00 00 00 00 00 00 00 00 00 02 1B 21 13 05 00 00 00 00 00 
00 00 00 00 00 2D 66 83 7B 4F 00 00 00 00 00 00 00 24 43 4C 3F 20 07 00 00 00 00 00 
00 00 00 00 00 1A 50 88 AD B3 8F 53 0F 00 00 2E 6D 9D 96 79 4F 22 05 00 00 00 00 00 
00 00 00 00 00 07 2A 5B 90 C0 DA DA CD C7 CF E0 EC E0 AD 76 41 16 02 00 00 00 00 00 
00 00 00 00 00 00 0F 28 4D 7E AB D2 F2 FE FF FA DF B0 7A 49 22 09 00 00 00 00 00 00 
00 00 00 00 00 00 03 09 17 31 4F 72 97 A4 A3 95 76 4F 31 19 09 02 00 00 00 00 00 00 

