0
0
0
0
0
0
0
0
0
0
0
0
0
0
0
0
0
0
0
0
0
0
0
3
24
0
1
5
30
100
0
5
37
112
-48
3
25
-123
-5
-5
41
125
-47
-5
-5
-106
-27
-12
-5
-20
-40
-3
-4
-30
-111
-11
-3
-28
-101
50
-4
-8
-68
81
4
-9
-46
121
30
0
-42
116
30
0
0
115
24
0
0
0
64
2
0
0
0
17
0
0
0
0
2
0
0
0
0
15
0
0
0
0
27
0
0
0
0
100
79
68
38
3
-2
-3
-32
-115
33
-4
-4
-5
-33
-115
-4
-4
-5
-7
-13
-20
-4
-5
-5
-5
-64
-12
-36
-42
-5
76
105
90
86
110
0
0
0
0
0
0
0
0
0
0
0
0
0
0
0
0
0
0
0
0
0
0
0
0
0
0
0
0
0
0
0
0
0
0
0
0
0
0
0
0
0
0
0
0
0
0
0
0
0
0
0
