0
0
0
0
0
0
0
0
0
0
0
0
0
0
0
0
0
0
0
0
0
0
0
0
0
0
0
0
1
5
0
0
0
5
37
0
0
3
25
-123
0
0
41
125
-47
0
0
-106
-27
-12
15
111
-40
-3
-4
106
-51
-11
-3
-28
-61
-14
-4
-8
-68
-25
-7
-9
-46
121
-10
-5
-42
116
30
-5
-8
115
24
0
-3
-49
64
2
0
-41
84
17
0
0
-60
42
2
0
0
-35
79
15
0
0
-9
118
27
0
0
-5
-92
100
79
68
-4
-3
-2
-3
-32
-8
-5
-4
-4
-5
-29
-8
-4
-4
-5
93
-75
-20
-4
-5
20
51
-64
-12
-36
0
0
76
105
90
0
0
0
0
0
0
0
0
0
0
0
0
0
0
0
0
0
0
0
0
0
0
0
0
0
0
0
0
0
0
0
0
0
0
0
0
0
0
0
0
0
0
0
0
0
0
0
0
0
0
0
