0
0
0
0
0
0
0
0
0
0
0
0
0
0
0
0
0
0
0
0
0
0
0
0
3
0
0
1
5
30
0
0
5
37
112
0
3
25
-123
-5
0
41
125
-47
-5
0
-106
-27
-12
-5
111
-40
-3
-4
-30
-51
-11
-3
-28
-101
-14
-4
-8
-68
81
-7
-9
-46
121
30
-5
-42
116
30
0
-8
115
24
0
0
-49
64
2
0
0
84
17
0
0
0
42
2
0
0
0
79
15
0
0
0
118
27
0
0
0
-92
100
79
68
38
-3
-2
-3
-32
-115
-5
-4
-4
-5
-33
-8
-4
-4
-5
-7
-75
-20
-4
-5
-5
51
-64
-12
-36
-42
0
76
105
90
86
0
0
0
0
0
0
0
0
0
0
0
0
0
0
0
0
0
0
0
0
0
0
0
0
0
0
0
0
0
0
0
0
0
0
0
0
0
0
0
0
0
0
0
0
0
0
0
0
0
0
0
