0
0
0
0
0
0
0
0
0
0
0
0
0
0
0
0
0
0
0
0
111
111
103
71
10
-4
-4
-16
-69
70
-5
-5
-4
-13
-66
-17
-13
-7
-3
-5
65
-127
-45
-3
-5
10
23
78
-69
-5
0
0
28
117
-18
0
0
8
60
-46
0
0
0
29
-95
0
0
0
16
96
0
0
0
9
63
0
0
0
25
-114
0
0
0
35
-65
0
0
0
36
-62
0
0
10
66
-42
0
34
101
-87
-17
0
64
-79
-12
-5
62
126
-48
-4
-11
-50
-3
-5
-14
-52
-17
-5
-19
-71
82
-6
-5
-79
12
5
-45
-92
82
0
0
77
45
19
0
0
9
0
0
0
0
0
0
0
0
0
0
0
0
0
0
0
0
0
0
0
0
0
0
0
0
0
0
0
0
0
0
0
0
0
0
0
0
0
0
0
0
0
0
0
0
0
0
0
0
0
0
0
0
0
0
0
