0
0
0
0
0
0
0
0
0
0
0
0
0
0
0
0
0
0
0
0
103
71
10
1
0
-16
-69
70
14
3
-4
-13
-66
81
21
-7
-3
-5
-5
80
-45
-3
-5
-5
-67
78
-69
-5
-5
-15
28
117
-18
-5
-4
8
60
-46
-7
-4
0
29
-95
-11
-5
0
16
96
-15
-5
0
9
63
-18
-5
0
25
-114
-12
-5
0
35
-65
-7
-3
0
36
-62
-9
-5
10
66
-42
-8
-23
101
-87
-17
-6
-108
-79
-12
-5
-5
81
-48
-4
-11
-56
54
-5
-14
-52
73
12
-19
-71
82
5
0
-79
12
5
0
0
82
0
0
0
0
19
0
0
0
0
0
0
0
0
0
0
0
0
0
0
0
0
0
0
0
0
0
0
0
0
0
0
0
0
0
0
0
0
0
0
0
0
0
0
0
0
0
0
0
0
0
0
0
0
0
0
0
0
0
0
0
0
0
0
0
0
