0
0
0
0
0
0
0
0
0
0
0
0
0
0
0
0
0
0
0
0
111
103
71
10
1
-4
-16
-69
70
14
-5
-4
-13
-66
81
-13
-7
-3
-5
-5
-127
-45
-3
-5
-5
23
78
-69
-5
-5
0
28
117
-18
-5
0
8
60
-46
-7
0
0
29
-95
-11
0
0
16
96
-15
0
0
9
63
-18
0
0
25
-114
-12
0
0
35
-65
-7
0
0
36
-62
-9
0
10
66
-42
-8
34
101
-87
-17
-6
64
-79
-12
-5
-5
126
-48
-4
-11
-56
-3
-5
-14
-52
73
-5
-19
-71
82
5
-5
-79
12
5
0
-92
82
0
0
0
45
19
0
0
0
0
0
0
0
0
0
0
0
0
0
0
0
0
0
0
0
0
0
0
0
0
0
0
0
0
0
0
0
0
0
0
0
0
0
0
0
0
0
0
0
0
0
0
0
0
0
0
0
0
0
0
0
0
0
0
0
