0
0
0
0
0
0
0
0
0
0
0
0
0
0
0
0
0
0
0
0
71
10
1
0
0
-69
70
14
3
0
-13
-66
81
21
3
-3
-5
-5
80
14
-3
-5
-5
-67
70
-69
-5
-5
-15
-126
117
-18
-5
-4
-85
60
-46
-7
-4
-34
29
-95
-11
-5
-5
16
96
-15
-5
-5
9
63
-18
-5
-5
25
-114
-12
-5
-12
35
-65
-7
-3
-105
36
-62
-9
-5
-113
66
-42
-8
-23
114
-87
-17
-6
-108
53
-12
-5
-5
81
13
-4
-11
-56
54
7
-14
-52
73
12
0
-71
82
5
0
0
12
5
0
0
0
0
0
0
0
0
0
0
0
0
0
0
0
0
0
0
0
0
0
0
0
0
0
0
0
0
0
0
0
0
0
0
0
0
0
0
0
0
0
0
0
0
0
0
0
0
0
0
0
0
0
0
0
0
0
0
0
0
0
0
0
0
0
0
0
0
0
