2535
2546
2535
2548
2533
2538
2445
2498
2488
2535
2396
2536
2545
2535
2510
2626
2632
2510
8454
8051
7760
2402
2399
2390
2396
2416
2393
2400
2415
2450
2450
2457
2465
2453
2548
2440
2397
2394
2392
2401
2399
2394
2391
2410
2392
2393
2400
2396
2401
2399
2410
2392
2397
2406
2401
2401
2413
2539
2423
2404
2404
2404
2402
2408
2429
2442
2445
2419
2437
2508
2410
2402
2400
2407
2407
2409
2408
2389
2397
2387
2298
2441
2396
2412
2415
2499
2353
2412
2486
2444
2536
2456
2533
2560
2351
2448
2438
3009
2587
1879
