01 02 03 04 05 06 07 08 0A 0B 0C 0D 0E 0F 10 11 12 13 15 16 17 18 19 1A 1B 1C 1D 1E 
00 00 00 00 00 00 00 04 07 0A 0D 10 14 17 1A 1D 20 24 27 2A 2D 31 34 37 3A 3D 41 44 
00 00 00 00 00 00 00 00 00 05 0A 0F 14 19 1E 24 29 2E 33 38 3D 42 47 4C 51 57 5C 61 
00 00 00 00 00 00 00 00 00 00 01 06 0A 0F 14 18 1D 22 27 2B 30 35 39 3E 43 48 4C 51 
00 00 00 00 00 00 00 00 00 00 00 00 00 00 00 02 04 06 09 0B 0D 10 12 14 16 19 1B 1D 
00 00 00 00 00 00 00 00 00 00 00 00 00 00 00 00 00 00 00 00 00 00 00 00 00 00 00 00 
00 00 00 00 00 00 00 00 00 00 00 00 00 00 00 00 00 00 00 00 00 00 00 00 00 00 00 00 
00 00 00 00 00 00 00 00 00 00 00 00 00 00 00 00 00 00 00 00 00 00 00 00 00 00 00 00 
00 00 00 00 00 00 00 00 00 00 00 00 00 00 00 00 00 00 00 00 00 00 00 00 00 00 00 00 
00 00 00 00 00 00 00 00 00 00 00 00 00 00 00 00 00 00 00 00 00 00 00 00 00 00 00 00 
00 00 00 00 00 00 00 00 00 00 00 00 00 00 00 00 00 00 00 00 00 00 00 00 00 00 01 01 
00 00 00 00 00 00 00 00 00 00 00 00 00 00 00 00 01 01 01 01 01 02 02 02 02 03 03 03 
00 00 00 00 00 00 01 01 01 01 01 02 02 02 02 03 03 03 03 03 04 04 04 04 04 05 05 05 
01 02 02 02 02 03 03 03 03 03 04 04 04 04 04 05 05 05 05 06 06 06 06 06 07 07 07 07 
04 04 04 04 04 05 05 05 05 06 06 06 06 06 07 07 07 07 08 08 08 08 08 09 09 09 09 0A 
06 06 06 06 07 07 07 07 08 08 08 08 08 09 09 09 09 0A 0A 0A 0A 0A 0B 0B 0B 0B 0B 0C 
08 08 08 09 09 09 09 0A 0A 0A 0A 0A 0B 0B 0B 0B 0B 0C 0C 0C 0C 0D 0D 0D 0D 0D 0E 0E 
0A 0A 0B 0B 0B 0B 0B 0C 0C 0C 0C 0D 0D 0D 0D 0D 0E 0E 0E 0E 0F 0F 0F 0F 0F 10 10 10 
0C 0D 0D 0D 0D 0D 0E 0E 0E 0E 0F 0F 0F 0F 0F 10 10 10 10 11 11 11 11 11 12 12 12 12 
0F 0F 0F 0F 0F 10 10 10 10 11 11 11 11 11 12 12 12 12 12 13 13 23 41 62 80 9B 9B 9B 
11 11 11 11 12 12 12 12 12 13 13 23 41 62 80 9B 9B 9B 9C 9C 9C AB C9 E6 FF FF FF FF 
13 23 41 62 80 9B 9B 9B 9C 9C 9C AB C9 E6 FF FF FF FF FF FF FF FF FF FF FF FF FF FF 
9C AB C9 E6 FF FF FF FF FF FF FF FF FF FF FF FF FF FF FF FF FF DB BA 9B 7C 66 66 66 
FF FF FF FF FF FF FF FF FF FF FF DB BA 9B 7C 66 66 66 66 67 67 48 2A 11 00 00 00 00 
FF DB BA 9B 7C 66 66 66 66 67 67 48 2A 11 00 00 00 00 00 00 00 00 00 00 00 00 00 00 
67 48 2A 11 00 00 00 00 00 00 00 00 00 00 00 00 00 00 00 00 00 00 00 00 00 00 00 00 
00 00 00 00 00 00 00 00 00 00 00 00 00 00 00 00 00 00 00 00 00 00 00 00 00 00 00 00 
00 00 00 00 00 00 00 00 00 00 00 00 00 00 00 00 00 00 00 00 00 00 00 00 00 00 00 00 
