110
120
130
140
150
111
121
131
141
151
112
122
132
142
152
113
123
133
143
153
114
124
134
144
154
115
125
135
145
155
116
126
136
146
156
117
127
137
147
157
118
128
138
148
158
119
129
139
149
159
120
130
140
150
160
121
131
141
151
161
122
132
142
152
162
123
133
143
153
163
124
134
144
154
164
125
135
145
155
165
126
136
146
156
166
127
137
147
157
167
128
138
148
158
168
129
139
149
159
169
130
140
150
160
170
131
141
151
161
171
132
142
152
162
172
133
143
153
163
173
134
144
154
164
174
135
145
155
165
175
136
146
156
166
176
137
147
157
167
177
138
148
158
168
178
139
149
159
169
179
140
150
160
170
180
141
151
161
171
181
0
0
0
