120
130
140
150
160
121
131
141
151
161
122
132
142
152
162
123
133
143
153
163
124
134
144
154
164
125
135
145
155
165
126
136
146
156
166
127
137
147
157
167
128
138
148
158
168
129
139
149
159
169
130
140
150
160
170
131
141
151
161
171
132
142
152
162
172
133
143
153
163
173
134
144
154
164
174
135
145
155
165
175
136
146
156
166
176
137
147
157
167
177
138
148
158
168
178
139
149
159
169
179
140
150
160
170
180
141
151
161
171
181
142
152
162
172
182
143
153
163
173
183
144
154
164
174
184
145
155
165
175
185
146
156
166
176
186
147
157
167
177
187
148
158
168
178
188
149
159
169
179
189
150
160
170
180
190
151
161
171
181
191
0
0
0
